<Nodes>
  1   0.0   0.0   0.0 ; 
  2  20.0   0.0   0.0 ;
  3  40.0   0.0   0.0 ;
  4  60.0   0.0   0.0 ; 
  5  80.0   0.0   0.0 ;
  6 100.0   0.0   0.0 ; 
  7   0.0  20.0   0.0 ; 
  8  20.0  20.0   0.0 ;
  9  40.0  20.0   0.0 ;
 10  60.0  20.0   0.0 ; 
 11  80.0  20.0   0.0 ;
 12 100.0  20.0   0.0 ; 
 13   0.0   0.0   0.25; 
 14  20.0   0.0   0.25;
 15  40.0   0.0   0.25;
 16  60.0   0.0   0.25; 
 17  80.0   0.0   0.25;
 18 100.0   0.0   0.25; 
 19   0.0  20.0   0.25; 
 20  20.0  20.0   0.25;
 21  40.0  20.0   0.25;
 22  60.0  20.0   0.25; 
 23  80.0  20.0   0.25;
 24 100.0  20.0   0.25;   
 25   0.0   0.0   0.5 ; 
 26  20.0   0.0   0.5 ;
 27  40.0   0.0   0.5 ;
 28  60.0   0.0   0.5 ; 
 29  80.0   0.0   0.5 ;
 30 100.0   0.0   0.5 ; 
 31   0.0  20.0   0.5 ; 
 32  20.0  20.0   0.5 ;
 33  40.0  20.0   0.5 ;
 34  60.0  20.0   0.5 ; 
 35  80.0  20.0   0.5 ;
 36 100.0  20.0   0.5 ; 
 37   0.0   0.0   0.75; 
 38  20.0   0.0   0.75;
 39  40.0   0.0   0.75;
 40  60.0   0.0   0.75; 
 41  80.0   0.0   0.75;
 42 100.0   0.0   0.75; 
 43   0.0  20.0   0.75; 
 44  20.0  20.0   0.75;
 45  40.0  20.0   0.75;
 46  60.0  20.0   0.75; 
 47  80.0  20.0   0.75;
 48 100.0  20.0   0.75; 
 49   0.0   0.0   1.0 ; 
 50  20.0   0.0   1.0 ;
 51  40.0   0.0   1.0 ;
 52  60.0   0.0   1.0 ; 
 53  80.0   0.0   1.0 ;
 54 100.0   0.0   1.0 ; 
 55   0.0  20.0   1.0 ; 
 56  20.0  20.0   1.0 ;
 57  40.0  20.0   1.0 ;
 58  60.0  20.0   1.0 ; 
 59  80.0  20.0   1.0 ;
 60 100.0  20.0   1.0 ;
</Nodes>

<Elements>
  1 "SLSElem0"   1  2  8  7 13 14 20 19 ;
  2 "SLSElem0"   2  3  9  8 14 15 21 20 ;
  3 "SLSElem0"   3  4 10  9 15 16 22 21 ;
  4 "SLSElem0"   4  5 11 10 16 17 23 22 ;
  5 "SLSElem0"   5  6 12 11 17 18 24 23 ;
  6 "SLSElem90" 13 14 20 19 25 26 32 31 ;
  7 "SLSElem90" 14 15 21 20 26 27 33 32 ;
  8 "SLSElem90" 15 16 22 21 27 28 34 33 ;
  9 "SLSElem90" 16 17 23 22 28 29 35 34 ;
 10 "SLSElem90" 17 18 24 23 29 30 36 35 ;
 11 "SLSElem90" 25 26 32 31 37 38 44 43 ;
 12 "SLSElem90" 26 27 33 32 38 39 45 44 ;
 13 "SLSElem90" 27 28 34 33 39 40 46 45 ;
 14 "SLSElem90" 28 29 35 34 40 41 47 46 ;
 15 "SLSElem90" 29 30 36 35 41 42 48 47 ;
 16 "SLSElem0"  37 38 44 43 49 50 56 55 ;
 17 "SLSElem0"  38 39 45 44 50 51 57 56 ;
 18 "SLSElem0"  39 40 46 45 51 52 58 57 ;
 19 "SLSElem0"  40 41 47 46 52 53 59 58 ;
 20 "SLSElem0"  41 42 48 47 53 54 60 59 ;
</Elements>

<NodeConstraints>
  u[1]  = 0.0;
  v[1]  = 0.0;
  w[1]  = 0.0;
  u[7]  = 0.0;
  v[7]  = 0.0;
  w[7]  = 0.0;
  u[13] = 0.0;
  v[13] = 0.0;
  u[19] = 0.0;
  v[19] = 0.0;
  u[25] = 0.0;
  v[25] = 0.0;
  u[31] = 0.0;
  v[31] = 0.0;
  u[37] = 0.0;
  v[37] = 0.0;
  u[43] = 0.0;
  v[43] = 0.0;
  u[49] = 0.0;
  v[49] = 0.0;
</NodeConstraints>

<ExternalForces>
  w[6]  = 5.0;
  w[12] = 5.0;
</ExternalForces>
