<Nodes>
  1   0.0   0.0   0.0 ; 
  2  20.0   0.0   0.0 ;
  3  40.0   0.0   0.0 ;
  4  60.0   0.0   0.0 ; 
  5  80.0   0.0   0.0 ;
  6 100.0   0.0   0.0 ; 
  7   0.0  20.0   0.0 ; 
  8  20.0  20.0   0.0 ;
  9  40.0  20.0   0.0 ;
 10  60.0  20.0   0.0 ; 
 11  80.0  20.0   0.0 ;
 12 100.0  20.0   0.0 ; 
 13   0.0   0.0   1.0 ; 
 14  20.0   0.0   1.0 ;
 15  40.0   0.0   1.0 ;
 16  60.0   0.0   1.0 ; 
 17  80.0   0.0   1.0 ;
 18 100.0   0.0   1.0 ; 
 19   0.0  20.0   1.0 ; 
 20  20.0  20.0   1.0 ;
 21  40.0  20.0   1.0 ;
 22  60.0  20.0   1.0 ; 
 23  80.0  20.0   1.0 ;
 24 100.0  20.0   1.0 ;        
</Nodes>

<Elements>
  1 "SLSElem"  1  2  8  7 13 14 20 19 ;
  2 "SLSElem"  2  3  9  8 14 15 21 20 ;
  3 "SLSElem"  3  4 10  9 15 16 22 21 ;
  4 "SLSElem"  4  5 11 10 16 17 23 22 ;
  5 "SLSElem"  5  6 12 11 17 18 24 23 ;
</Elements>

<NodeConstraints>
  u[1]  = 0.0;
  v[1]  = 0.0;
  w[1]  = 0.0;
  u[7]  = 0.0;
  v[7]  = 0.0;
  w[7]  = 0.0;
  u[13] = 0.0;
  v[13] = 0.0;
  u[19] = 0.0;
  v[19] = 0.0;
</NodeConstraints>

<ExternalForces>
  w[6]  = 5.0;
  w[12] = 5.0;
</ExternalForces>
