############################################################################
#  Pinched hemisphere with 18 degree hole                                  #
#  Quarter model, structured Quad4 Reissner-Mindlin shell mesh             #
############################################################################

<Nodes>
  0   3.090170   0.000000   9.510565 ;
  1   3.030793   0.602862   9.510565 ;
  2   2.854945   1.182557   9.510565 ;
  3   2.569382   1.716806   9.510565 ;
  4   2.185080   2.185080   9.510565 ;
  5   1.716806   2.569382   9.510565 ;
  6   1.182557   2.854945   9.510565 ;
  7   0.602862   3.030793   9.510565 ;
  8   0.000000   3.090170   9.510565 ;
  9   4.539905   0.000000   8.910065 ;
 10   4.452672   0.885692   8.910065 ;
 11   4.194325   1.737346   8.910065 ;
 12   3.774793   2.522236   8.910065 ;
 13   3.210198   3.210198   8.910065 ;
 14   2.522236   3.774793   8.910065 ;
 15   1.737346   4.194325   8.910065 ;
 16   0.885692   4.452672   8.910065 ;
 17   0.000000   4.539905   8.910065 ;
 18   5.877853   0.000000   8.090170 ;
 19   5.764911   1.146712   8.090170 ;
 20   5.430428   2.249357   8.090170 ;
 21   4.887256   3.265560   8.090170 ;
 22   4.156269   4.156269   8.090170 ;
 23   3.265560   4.887256   8.090170 ;
 24   2.249357   5.430428   8.090170 ;
 25   1.146712   5.764911   8.090170 ;
 26   0.000000   5.877853   8.090170 ;
 27   7.071068   0.000000   7.071068 ;
 28   6.935199   1.379497   7.071068 ;
 29   6.532815   2.705981   7.071068 ;
 30   5.879378   3.928475   7.071068 ;
 31   5.000000   5.000000   7.071068 ;
 32   3.928475   5.879378   7.071068 ;
 33   2.705981   6.532815   7.071068 ;
 34   1.379497   6.935199   7.071068 ;
 35   0.000000   7.071068   7.071068 ;
 36   8.090170   0.000000   5.877853 ;
 37   7.934720   1.578314   5.877853 ;
 38   7.474342   3.095974   5.877853 ;
 39   6.726730   4.494658   5.877853 ;
 40   5.720614   5.720614   5.877853 ;
 41   4.494658   6.726730   5.877853 ;
 42   3.095974   7.474342   5.877853 ;
 43   1.578314   7.934720   5.877853 ;
 44   0.000000   8.090170   5.877853 ;
 45   8.910065   0.000000   4.539905 ;
 46   8.738861   1.738267   4.539905 ;
 47   8.231827   3.409734   4.539905 ;
 48   7.408448   4.950167   4.539905 ;
 49   6.300368   6.300368   4.539905 ;
 50   4.950167   7.408448   4.539905 ;
 51   3.409734   8.231827   4.539905 ;
 52   1.738267   8.738861   4.539905 ;
 53   0.000000   8.910065   4.539905 ;
 54   9.510565   0.000000   3.090170 ;
 55   9.327822   1.855419   3.090170 ;
 56   8.786616   3.639536   3.090170 ;
 57   7.907746   5.283787   3.090170 ;
 58   6.724985   6.724985   3.090170 ;
 59   5.283787   7.907746   3.090170 ;
 60   3.639536   8.786616   3.090170 ;
 61   1.855419   9.327822   3.090170 ;
 62   0.000000   9.510565   3.090170 ;
 63   9.876883   0.000000   1.564345 ;
 64   9.687102   1.926884   1.564345 ;
 65   9.125050   3.779720   1.564345 ;
 66   8.212328   5.487302   1.564345 ;
 67   6.984011   6.984011   1.564345 ;
 68   5.487302   8.212328   1.564345 ;
 69   3.779720   9.125050   1.564345 ;
 70   1.926884   9.687102   1.564345 ;
 71   0.000000   9.876883   1.564345 ;
 72  10.000000   0.000000   0.000000 ;
 73   9.807853   1.950903   0.000000 ;
 74   9.238795   3.826834   0.000000 ;
 75   8.314696   5.555702   0.000000 ;
 76   7.071068   7.071068   0.000000 ;
 77   5.555702   8.314696   0.000000 ;
 78   3.826834   9.238795   0.000000 ;
 79   1.950903   9.807853   0.000000 ;
 80   0.000000  10.000000   0.000000 ;
</Nodes>

<Elements>
   1 "Shell"   0   1  10   9 ;
   2 "Shell"   1   2  11  10 ;
   3 "Shell"   2   3  12  11 ;
   4 "Shell"   3   4  13  12 ;
   5 "Shell"   4   5  14  13 ;
   6 "Shell"   5   6  15  14 ;
   7 "Shell"   6   7  16  15 ;
   8 "Shell"   7   8  17  16 ;
   9 "Shell"   9  10  19  18 ;
  10 "Shell"  10  11  20  19 ;
  11 "Shell"  11  12  21  20 ;
  12 "Shell"  12  13  22  21 ;
  13 "Shell"  13  14  23  22 ;
  14 "Shell"  14  15  24  23 ;
  15 "Shell"  15  16  25  24 ;
  16 "Shell"  16  17  26  25 ;
  17 "Shell"  18  19  28  27 ;
  18 "Shell"  19  20  29  28 ;
  19 "Shell"  20  21  30  29 ;
  20 "Shell"  21  22  31  30 ;
  21 "Shell"  22  23  32  31 ;
  22 "Shell"  23  24  33  32 ;
  23 "Shell"  24  25  34  33 ;
  24 "Shell"  25  26  35  34 ;
  25 "Shell"  27  28  37  36 ;
  26 "Shell"  28  29  38  37 ;
  27 "Shell"  29  30  39  38 ;
  28 "Shell"  30  31  40  39 ;
  29 "Shell"  31  32  41  40 ;
  30 "Shell"  32  33  42  41 ;
  31 "Shell"  33  34  43  42 ;
  32 "Shell"  34  35  44  43 ;
  33 "Shell"  36  37  46  45 ;
  34 "Shell"  37  38  47  46 ;
  35 "Shell"  38  39  48  47 ;
  36 "Shell"  39  40  49  48 ;
  37 "Shell"  40  41  50  49 ;
  38 "Shell"  41  42  51  50 ;
  39 "Shell"  42  43  52  51 ;
  40 "Shell"  43  44  53  52 ;
  41 "Shell"  45  46  55  54 ;
  42 "Shell"  46  47  56  55 ;
  43 "Shell"  47  48  57  56 ;
  44 "Shell"  48  49  58  57 ;
  45 "Shell"  49  50  59  58 ;
  46 "Shell"  50  51  60  59 ;
  47 "Shell"  51  52  61  60 ;
  48 "Shell"  52  53  62  61 ;
  49 "Shell"  54  55  64  63 ;
  50 "Shell"  55  56  65  64 ;
  51 "Shell"  56  57  66  65 ;
  52 "Shell"  57  58  67  66 ;
  53 "Shell"  58  59  68  67 ;
  54 "Shell"  59  60  69  68 ;
  55 "Shell"  60  61  70  69 ;
  56 "Shell"  61  62  71  70 ;
  57 "Shell"  63  64  73  72 ;
  58 "Shell"  64  65  74  73 ;
  59 "Shell"  65  66  75  74 ;
  60 "Shell"  66  67  76  75 ;
  61 "Shell"  67  68  77  76 ;
  62 "Shell"  68  69  78  77 ;
  63 "Shell"  69  70  79  78 ;
  64 "Shell"  70  71  80  79 ;
</Elements>

<NodeConstraints>
  v[0]  = 0.0;
  rx[0] = 0.0;
  rz[0] = 0.0;
  w[0]  = 0.0;

  v[9]  = 0.0;
  rx[9] = 0.0;
  rz[9] = 0.0;

  v[18]  = 0.0;
  rx[18] = 0.0;
  rz[18] = 0.0;

  v[27]  = 0.0;
  rx[27] = 0.0;
  rz[27] = 0.0;

  v[36]  = 0.0;
  rx[36] = 0.0;
  rz[36] = 0.0;

  v[45]  = 0.0;
  rx[45] = 0.0;
  rz[45] = 0.0;

  v[54]  = 0.0;
  rx[54] = 0.0;
  rz[54] = 0.0;

  v[63]  = 0.0;
  rx[63] = 0.0;
  rz[63] = 0.0;

  v[72]  = 0.0;
  rx[72] = 0.0;
  rz[72] = 0.0;

  u[8]  = 0.0;
  ry[8] = 0.0;
  rz[8] = 0.0;

  u[17]  = 0.0;
  ry[17] = 0.0;
  rz[17] = 0.0;

  u[26]  = 0.0;
  ry[26] = 0.0;
  rz[26] = 0.0;

  u[35]  = 0.0;
  ry[35] = 0.0;
  rz[35] = 0.0;

  u[44]  = 0.0;
  ry[44] = 0.0;
  rz[44] = 0.0;

  u[53]  = 0.0;
  ry[53] = 0.0;
  rz[53] = 0.0;

  u[62]  = 0.0;
  ry[62] = 0.0;
  rz[62] = 0.0;

  u[71]  = 0.0;
  ry[71] = 0.0;
  rz[71] = 0.0;

  u[80]  = 0.0;
  ry[80] = 0.0;
  rz[80] = 0.0;
</NodeConstraints>

<ExternalForces>
  u[72] = 1000.0;
</ExternalForces>
