############################################################################
#  This Python file is part of PyFEM, the code that accompanies the book:  #
#                                                                          #
#    'Non-Linear Finite Element Analysis of Solids and Structures'         #
#    R. de Borst, M.A. Crisfield, J.J.C. Remmers and C.V. Verhoosel        #
#    John Wiley and Sons, 2012, ISBN 978-0470666449                        #
#                                                                          #
#  The code is written by J.J.C. Remmers, C.V. Verhoosel and R. de Borst.  #
#                                                                          #
#  The latest stable version can be downloaded from the web-site:          #
#     http://www.wiley.com/go/deborst                                      #
#                                                                          #
#  A github repository, with the most up to date version of the code,      #
#  can be found here:                                                      #
#     https://github.com/jjcremmers/PyFEM                                  #
#                                                                          #
#  The code is open source and intended for educational and scientific     #
#  purposes only. If you use PyFEM in your research, the developers would  #
#  be grateful if you could cite the book.                                 #  
#                                                                          #
#  Disclaimer:                                                             #
#  The authors reserve all rights but do not guarantee that the code is    #
#  free from errors. Furthermore, the authors shall not be liable in any   #
#  event caused by the use of the program.                                 #
############################################################################
<Nodes>
1 -125.0 0.0  ;
2 -120.0 0.0  ;
3 -115.0 0.0  ;
4 -110.0 0.0  ;
5 -105.0 0.0  ;
6 -100.0 0.0  ;
7 -95.0 0.0  ;
8 -90.0 0.0  ;
9 -85.0 0.0  ;
10 -80.0 0.0  ;
11 -75.0 0.0  ;
12 -70.0 0.0  ;
13 -65.0 0.0  ;
14 -60.0 0.0  ;
15 -55.0 0.0  ;
16 -50.0 0.0  ;
17 -45.0 0.0  ;
18 -40.0 0.0  ;
19 -35.0 0.0  ;
20 -30.0 0.0  ;
21 -25.0 0.0  ;
22 -20.0 0.0  ;
23 -15.0 0.0  ;
24 -10.0 0.0  ;
25 -5.0 0.0  ;
26 0.0 0.0  ;
27 -125.0 5.0  ;
28 -120.0 5.0  ;
29 -115.0 5.0  ;
30 -110.0 5.0  ;
31 -105.0 5.0  ;
32 -100.0 5.0  ;
33 -95.0 5.0  ;
34 -90.0 5.0  ;
35 -85.0 5.0  ;
36 -80.0 5.0  ;
37 -75.0 5.0  ;
38 -70.0 5.0  ;
39 -65.0 5.0  ;
40 -60.0 5.0  ;
41 -55.0 5.0  ;
42 -50.0 5.0  ;
43 -45.0 5.0  ;
44 -40.0 5.0  ;
45 -35.0 5.0  ;
46 -30.0 5.0  ;
47 -25.0 5.0  ;
48 -20.0 5.0  ;
49 -15.0 5.0  ;
50 -10.0 5.0  ;
51 -5.0 5.0  ;
52 0.0 5.0  ;
53 -125.0 10.0  ;
54 -120.0 10.0  ;
55 -115.0 10.0  ;
56 -110.0 10.0  ;
57 -105.0 10.0  ;
58 -100.0 10.0  ;
59 -95.0 10.0  ;
60 -90.0 10.0  ;
61 -85.0 10.0  ;
62 -80.0 10.0  ;
63 -75.0 10.0  ;
64 -70.0 10.0  ;
65 -65.0 10.0  ;
66 -60.0 10.0  ;
67 -55.0 10.0  ;
68 -50.0 10.0  ;
69 -45.0 10.0  ;
70 -40.0 10.0  ;
71 -35.0 10.0  ;
72 -30.0 10.0  ;
73 -25.0 10.0  ;
74 -20.0 10.0  ;
75 -15.0 10.0  ;
76 -10.0 10.0  ;
77 -5.0 10.0  ;
78 0.0 10.0  ;
79 -125.0 15.0  ;
80 -120.0 15.0  ;
81 -115.0 15.0  ;
82 -110.0 15.0  ;
83 -105.0 15.0  ;
84 -100.0 15.0  ;
85 -95.0 15.0  ;
86 -90.0 15.0  ;
87 -85.0 15.0  ;
88 -80.0 15.0  ;
89 -75.0 15.0  ;
90 -70.0 15.0  ;
91 -65.0 15.0  ;
92 -60.0 15.0  ;
93 -55.0 15.0  ;
94 -50.0 15.0  ;
95 -45.0 15.0  ;
96 -40.0 15.0  ;
97 -35.0 15.0  ;
98 -30.0 15.0  ;
99 -25.0 15.0  ;
100 -20.0 15.0  ;
101 -15.0 15.0  ;
102 -10.0 15.0  ;
103 -5.0 15.0  ;
104 0.0 15.0  ;
105 -125.0 20.0  ;
106 -120.0 20.0  ;
107 -115.0 20.0  ;
108 -110.0 20.0  ;
109 -105.0 20.0  ;
110 -100.0 20.0  ;
111 -95.0 20.0  ;
112 -90.0 20.0  ;
113 -85.0 20.0  ;
114 -80.0 20.0  ;
115 -75.0 20.0  ;
116 -70.0 20.0  ;
117 -65.0 20.0  ;
118 -60.0 20.0  ;
119 -55.0 20.0  ;
120 -50.0 20.0  ;
121 -45.0 20.0  ;
122 -40.0 20.0  ;
123 -35.0 20.0  ;
124 -30.0 20.0  ;
125 -25.0 20.0  ;
126 -20.0 20.0  ;
127 -15.0 20.0  ;
128 -10.0 20.0  ;
129 -5.0 20.0  ;
130 0.0 20.0  ;
131 -125.0 25.0  ;
132 -120.0 25.0  ;
133 -115.0 25.0  ;
134 -110.0 25.0  ;
135 -105.0 25.0  ;
136 -100.0 25.0  ;
137 -95.0 25.0  ;
138 -90.0 25.0  ;
139 -85.0 25.0  ;
140 -80.0 25.0  ;
141 -75.0 25.0  ;
142 -70.0 25.0  ;
143 -65.0 25.0  ;
144 -60.0 25.0  ;
145 -55.0 25.0  ;
146 -50.0 25.0  ;
147 -45.0 25.0  ;
148 -40.0 25.0  ;
149 -35.0 25.0  ;
150 -30.0 25.0  ;
151 -25.0 25.0  ;
152 -20.0 25.0  ;
153 -15.0 25.0  ;
154 -10.0 25.0  ;
155 -5.0 25.0  ;
156 0.0 25.0  ;
157 -125.0 30.0  ;
158 -120.0 30.0  ;
159 -115.0 30.0  ;
160 -110.0 30.0  ;
161 -105.0 30.0  ;
162 -100.0 30.0  ;
163 -95.0 30.0  ;
164 -90.0 30.0  ;
165 -85.0 30.0  ;
166 -80.0 30.0  ;
167 -75.0 30.0  ;
168 -70.0 30.0  ;
169 -65.0 30.0  ;
170 -60.0 30.0  ;
171 -55.0 30.0  ;
172 -50.0 30.0  ;
173 -45.0 30.0  ;
174 -40.0 30.0  ;
175 -35.0 30.0  ;
176 -30.0 30.0  ;
177 -25.0 30.0  ;
178 -20.0 30.0  ;
179 -15.0 30.0  ;
180 -10.0 30.0  ;
181 -5.0 30.0  ;
182 0.0 30.0  ;
183 -125.0 35.0  ;
184 -120.0 35.0  ;
185 -115.0 35.0  ;
186 -110.0 35.0  ;
187 -105.0 35.0  ;
188 -100.0 35.0  ;
189 -95.0 35.0  ;
190 -90.0 35.0  ;
191 -85.0 35.0  ;
192 -80.0 35.0  ;
193 -75.0 35.0  ;
194 -70.0 35.0  ;
195 -65.0 35.0  ;
196 -60.0 35.0  ;
197 -55.0 35.0  ;
198 -50.0 35.0  ;
199 -45.0 35.0  ;
200 -40.0 35.0  ;
201 -35.0 35.0  ;
202 -30.0 35.0  ;
203 -25.0 35.0  ;
204 -20.0 35.0  ;
205 -15.0 35.0  ;
206 -10.0 35.0  ;
207 -5.0 35.0  ;
208 0.0 35.0  ;
209 -125.0 40.0  ;
210 -120.0 40.0  ;
211 -115.0 40.0  ;
212 -110.0 40.0  ;
213 -105.0 40.0  ;
214 -100.0 40.0  ;
215 -95.0 40.0  ;
216 -90.0 40.0  ;
217 -85.0 40.0  ;
218 -80.0 40.0  ;
219 -75.0 40.0  ;
220 -70.0 40.0  ;
221 -65.0 40.0  ;
222 -60.0 40.0  ;
223 -55.0 40.0  ;
224 -50.0 40.0  ;
225 -45.0 40.0  ;
226 -40.0 40.0  ;
227 -35.0 40.0  ;
228 -30.0 40.0  ;
229 -25.0 40.0  ;
230 -20.0 40.0  ;
231 -15.0 40.0  ;
232 -10.0 40.0  ;
233 -5.0 40.0  ;
234 0.0 40.0  ;
235 -125.0 45.0  ;
236 -120.0 45.0  ;
237 -115.0 45.0  ;
238 -110.0 45.0  ;
239 -105.0 45.0  ;
240 -100.0 45.0  ;
241 -95.0 45.0  ;
242 -90.0 45.0  ;
243 -85.0 45.0  ;
244 -80.0 45.0  ;
245 -75.0 45.0  ;
246 -70.0 45.0  ;
247 -65.0 45.0  ;
248 -60.0 45.0  ;
249 -55.0 45.0  ;
250 -50.0 45.0  ;
251 -45.0 45.0  ;
252 -40.0 45.0  ;
253 -35.0 45.0  ;
254 -30.0 45.0  ;
255 -25.0 45.0  ;
256 -20.0 45.0  ;
257 -15.0 45.0  ;
258 -10.0 45.0  ;
259 -5.0 45.0  ;
260 0.0 45.0  ;
261 -125.0 50.0  ;
262 -120.0 50.0  ;
263 -115.0 50.0  ;
264 -110.0 50.0  ;
265 -105.0 50.0  ;
266 -100.0 50.0  ;
267 -95.0 50.0  ;
268 -90.0 50.0  ;
269 -85.0 50.0  ;
270 -80.0 50.0  ;
271 -75.0 50.0  ;
272 -70.0 50.0  ;
273 -65.0 50.0  ;
274 -60.0 50.0  ;
275 -55.0 50.0  ;
276 -50.0 50.0  ;
277 -45.0 50.0  ;
278 -40.0 50.0  ;
279 -35.0 50.0  ;
280 -30.0 50.0  ;
281 -25.0 50.0  ;
282 -20.0 50.0  ;
283 -15.0 50.0  ;
284 -10.0 50.0  ;
285 -5.0 50.0  ;
286 0.0 50.0  ;
287 -125.0 55.0  ;
288 -120.0 55.0  ;
289 -115.0 55.0  ;
290 -110.0 55.0  ;
291 -105.0 55.0  ;
292 -100.0 55.0  ;
293 -95.0 55.0  ;
294 -90.0 55.0  ;
295 -85.0 55.0  ;
296 -80.0 55.0  ;
297 -75.0 55.0  ;
298 -70.0 55.0  ;
299 -65.0 55.0  ;
300 -60.0 55.0  ;
301 -55.0 55.0  ;
302 -50.0 55.0  ;
303 -45.0 55.0  ;
304 -40.0 55.0  ;
305 -35.0 55.0  ;
306 -30.0 55.0  ;
307 -25.0 55.0  ;
308 -20.0 55.0  ;
309 -15.0 55.0  ;
310 -10.0 55.0  ;
311 -5.0 55.0  ;
312 0.0 55.0  ;
313 -125.0 60.0  ;
314 -120.0 60.0  ;
315 -115.0 60.0  ;
316 -110.0 60.0  ;
317 -105.0 60.0  ;
318 -100.0 60.0  ;
319 -95.0 60.0  ;
320 -90.0 60.0  ;
321 -85.0 60.0  ;
322 -80.0 60.0  ;
323 -75.0 60.0  ;
324 -70.0 60.0  ;
325 -65.0 60.0  ;
326 -60.0 60.0  ;
327 -55.0 60.0  ;
328 -50.0 60.0  ;
329 -45.0 60.0  ;
330 -40.0 60.0  ;
331 -35.0 60.0  ;
332 -30.0 60.0  ;
333 -25.0 60.0  ;
334 -20.0 60.0  ;
335 -15.0 60.0  ;
336 -10.0 60.0  ;
337 -5.0 60.0  ;
338 0.0 60.0  ;
339 -125.0 65.0  ;
340 -120.0 65.0  ;
341 -115.0 65.0  ;
342 -110.0 65.0  ;
343 -105.0 65.0  ;
344 -100.0 65.0  ;
345 -95.0 65.0  ;
346 -90.0 65.0  ;
347 -85.0 65.0  ;
348 -80.0 65.0  ;
349 -75.0 65.0  ;
350 -70.0 65.0  ;
351 -65.0 65.0  ;
352 -60.0 65.0  ;
353 -55.0 65.0  ;
354 -50.0 65.0  ;
355 -45.0 65.0  ;
356 -40.0 65.0  ;
357 -35.0 65.0  ;
358 -30.0 65.0  ;
359 -25.0 65.0  ;
360 -20.0 65.0  ;
361 -15.0 65.0  ;
362 -10.0 65.0  ;
363 -5.0 65.0  ;
364 0.0 65.0  ;
365 -125.0 70.0  ;
366 -120.0 70.0  ;
367 -115.0 70.0  ;
368 -110.0 70.0  ;
369 -105.0 70.0  ;
370 -100.0 70.0  ;
371 -95.0 70.0  ;
372 -90.0 70.0  ;
373 -85.0 70.0  ;
374 -80.0 70.0  ;
375 -75.0 70.0  ;
376 -70.0 70.0  ;
377 -65.0 70.0  ;
378 -60.0 70.0  ;
379 -55.0 70.0  ;
380 -50.0 70.0  ;
381 -45.0 70.0  ;
382 -40.0 70.0  ;
383 -35.0 70.0  ;
384 -30.0 70.0  ;
385 -25.0 70.0  ;
386 -20.0 70.0  ;
387 -15.0 70.0  ;
388 -10.0 70.0  ;
389 -5.0 70.0  ;
390 0.0 70.0  ;
391 -125.0 75.0  ;
392 -120.0 75.0  ;
393 -115.0 75.0  ;
394 -110.0 75.0  ;
395 -105.0 75.0  ;
396 -100.0 75.0  ;
397 -95.0 75.0  ;
398 -90.0 75.0  ;
399 -85.0 75.0  ;
400 -80.0 75.0  ;
401 -75.0 75.0  ;
402 -70.0 75.0  ;
403 -65.0 75.0  ;
404 -60.0 75.0  ;
405 -55.0 75.0  ;
406 -50.0 75.0  ;
407 -45.0 75.0  ;
408 -40.0 75.0  ;
409 -35.0 75.0  ;
410 -30.0 75.0  ;
411 -25.0 75.0  ;
412 -20.0 75.0  ;
413 -15.0 75.0  ;
414 -10.0 75.0  ;
415 -5.0 75.0  ;
416 0.0 75.0  ;
417 -125.0 80.0  ;
418 -120.0 80.0  ;
419 -115.0 80.0  ;
420 -110.0 80.0  ;
421 -105.0 80.0  ;
422 -100.0 80.0  ;
423 -95.0 80.0  ;
424 -90.0 80.0  ;
425 -85.0 80.0  ;
426 -80.0 80.0  ;
427 -75.0 80.0  ;
428 -70.0 80.0  ;
429 -65.0 80.0  ;
430 -60.0 80.0  ;
431 -55.0 80.0  ;
432 -50.0 80.0  ;
433 -45.0 80.0  ;
434 -40.0 80.0  ;
435 -35.0 80.0  ;
436 -30.0 80.0  ;
437 -25.0 80.0  ;
438 -20.0 80.0  ;
439 -15.0 80.0  ;
440 -10.0 80.0  ;
441 -5.0 80.0  ;
442 0.0 80.0  ;
443 -125.0 85.0  ;
444 -120.0 85.0  ;
445 -115.0 85.0  ;
446 -110.0 85.0  ;
447 -105.0 85.0  ;
448 -100.0 85.0  ;
449 -95.0 85.0  ;
450 -90.0 85.0  ;
451 -85.0 85.0  ;
452 -80.0 85.0  ;
453 -75.0 85.0  ;
454 -70.0 85.0  ;
455 -65.0 85.0  ;
456 -60.0 85.0  ;
457 -55.0 85.0  ;
458 -50.0 85.0  ;
459 -45.0 85.0  ;
460 -40.0 85.0  ;
461 -35.0 85.0  ;
462 -30.0 85.0  ;
463 -25.0 85.0  ;
464 -20.0 85.0  ;
465 -15.0 85.0  ;
466 -10.0 85.0  ;
467 -5.0 85.0  ;
468 0.0 85.0  ;
469 -125.0 90.0  ;
470 -120.0 90.0  ;
471 -115.0 90.0  ;
472 -110.0 90.0  ;
473 -105.0 90.0  ;
474 -100.0 90.0  ;
475 -95.0 90.0  ;
476 -90.0 90.0  ;
477 -85.0 90.0  ;
478 -80.0 90.0  ;
479 -75.0 90.0  ;
480 -70.0 90.0  ;
481 -65.0 90.0  ;
482 -60.0 90.0  ;
483 -55.0 90.0  ;
484 -50.0 90.0  ;
485 -45.0 90.0  ;
486 -40.0 90.0  ;
487 -35.0 90.0  ;
488 -30.0 90.0  ;
489 -25.0 90.0  ;
490 -20.0 90.0  ;
491 -15.0 90.0  ;
492 -10.0 90.0  ;
493 -5.0 90.0  ;
494 0.0 90.0  ;
495 -125.0 95.0  ;
496 -120.0 95.0  ;
497 -115.0 95.0  ;
498 -110.0 95.0  ;
499 -105.0 95.0  ;
500 -100.0 95.0  ;
501 -95.0 95.0  ;
502 -90.0 95.0  ;
503 -85.0 95.0  ;
504 -80.0 95.0  ;
505 -75.0 95.0  ;
506 -70.0 95.0  ;
507 -65.0 95.0  ;
508 -60.0 95.0  ;
509 -55.0 95.0  ;
510 -50.0 95.0  ;
511 -45.0 95.0  ;
512 -40.0 95.0  ;
513 -35.0 95.0  ;
514 -30.0 95.0  ;
515 -25.0 95.0  ;
516 -20.0 95.0  ;
517 -15.0 95.0  ;
518 -10.0 95.0  ;
519 -5.0 95.0  ;
520 0.0 95.0  ;
521 -125.0 100.0  ;
522 -120.0 100.0  ;
523 -115.0 100.0  ;
524 -110.0 100.0  ;
525 -105.0 100.0  ;
526 -100.0 100.0  ;
527 -95.0 100.0  ;
528 -90.0 100.0  ;
529 -85.0 100.0  ;
530 -80.0 100.0  ;
531 -75.0 100.0  ;
532 -70.0 100.0  ;
533 -65.0 100.0  ;
534 -60.0 100.0  ;
535 -55.0 100.0  ;
536 -50.0 100.0  ;
537 -45.0 100.0  ;
538 -40.0 100.0  ;
539 -35.0 100.0  ;
540 -30.0 100.0  ;
541 -25.0 100.0  ;
542 -20.0 100.0  ;
543 -15.0 100.0  ;
544 -10.0 100.0  ;
545 -5.0 100.0  ;
546 0.0 100.0  ;
547 0.0 0.0  ;
548 5.0 0.0  ;
549 10.0 0.0  ;
550 15.0 0.0  ;
551 20.0 0.0  ;
552 25.0 0.0  ;
553 30.0 0.0  ;
554 35.0 0.0  ;
555 40.0 0.0  ;
556 45.0 0.0  ;
557 50.0 0.0  ;
558 55.0 0.0  ;
559 60.0 0.0  ;
560 65.0 0.0  ;
561 70.0 0.0  ;
562 75.0 0.0  ;
563 80.0 0.0  ;
564 85.0 0.0  ;
565 90.0 0.0  ;
566 95.0 0.0  ;
567 100.0 0.0  ;
568 105.0 0.0  ;
569 110.0 0.0  ;
570 115.0 0.0  ;
571 120.0 0.0  ;
572 125.0 0.0  ;
573 0.0 5.0  ;
574 5.0 5.0  ;
575 10.0 5.0  ;
576 15.0 5.0  ;
577 20.0 5.0  ;
578 25.0 5.0  ;
579 30.0 5.0  ;
580 35.0 5.0  ;
581 40.0 5.0  ;
582 45.0 5.0  ;
583 50.0 5.0  ;
584 55.0 5.0  ;
585 60.0 5.0  ;
586 65.0 5.0  ;
587 70.0 5.0  ;
588 75.0 5.0  ;
589 80.0 5.0  ;
590 85.0 5.0  ;
591 90.0 5.0  ;
592 95.0 5.0  ;
593 100.0 5.0  ;
594 105.0 5.0  ;
595 110.0 5.0  ;
596 115.0 5.0  ;
597 120.0 5.0  ;
598 125.0 5.0  ;
599 0.0 10.0  ;
600 5.0 10.0  ;
601 10.0 10.0  ;
602 15.0 10.0  ;
603 20.0 10.0  ;
604 25.0 10.0  ;
605 30.0 10.0  ;
606 35.0 10.0  ;
607 40.0 10.0  ;
608 45.0 10.0  ;
609 50.0 10.0  ;
610 55.0 10.0  ;
611 60.0 10.0  ;
612 65.0 10.0  ;
613 70.0 10.0  ;
614 75.0 10.0  ;
615 80.0 10.0  ;
616 85.0 10.0  ;
617 90.0 10.0  ;
618 95.0 10.0  ;
619 100.0 10.0  ;
620 105.0 10.0  ;
621 110.0 10.0  ;
622 115.0 10.0  ;
623 120.0 10.0  ;
624 125.0 10.0  ;
625 0.0 15.0  ;
626 5.0 15.0  ;
627 10.0 15.0  ;
628 15.0 15.0  ;
629 20.0 15.0  ;
630 25.0 15.0  ;
631 30.0 15.0  ;
632 35.0 15.0  ;
633 40.0 15.0  ;
634 45.0 15.0  ;
635 50.0 15.0  ;
636 55.0 15.0  ;
637 60.0 15.0  ;
638 65.0 15.0  ;
639 70.0 15.0  ;
640 75.0 15.0  ;
641 80.0 15.0  ;
642 85.0 15.0  ;
643 90.0 15.0  ;
644 95.0 15.0  ;
645 100.0 15.0  ;
646 105.0 15.0  ;
647 110.0 15.0  ;
648 115.0 15.0  ;
649 120.0 15.0  ;
650 125.0 15.0  ;
651 0.0 20.0  ;
652 5.0 20.0  ;
653 10.0 20.0  ;
654 15.0 20.0  ;
655 20.0 20.0  ;
656 25.0 20.0  ;
657 30.0 20.0  ;
658 35.0 20.0  ;
659 40.0 20.0  ;
660 45.0 20.0  ;
661 50.0 20.0  ;
662 55.0 20.0  ;
663 60.0 20.0  ;
664 65.0 20.0  ;
665 70.0 20.0  ;
666 75.0 20.0  ;
667 80.0 20.0  ;
668 85.0 20.0  ;
669 90.0 20.0  ;
670 95.0 20.0  ;
671 100.0 20.0  ;
672 105.0 20.0  ;
673 110.0 20.0  ;
674 115.0 20.0  ;
675 120.0 20.0  ;
676 125.0 20.0  ;
677 0.0 25.0  ;
678 5.0 25.0  ;
679 10.0 25.0  ;
680 15.0 25.0  ;
681 20.0 25.0  ;
682 25.0 25.0  ;
683 30.0 25.0  ;
684 35.0 25.0  ;
685 40.0 25.0  ;
686 45.0 25.0  ;
687 50.0 25.0  ;
688 55.0 25.0  ;
689 60.0 25.0  ;
690 65.0 25.0  ;
691 70.0 25.0  ;
692 75.0 25.0  ;
693 80.0 25.0  ;
694 85.0 25.0  ;
695 90.0 25.0  ;
696 95.0 25.0  ;
697 100.0 25.0  ;
698 105.0 25.0  ;
699 110.0 25.0  ;
700 115.0 25.0  ;
701 120.0 25.0  ;
702 125.0 25.0  ;
703 0.0 30.0  ;
704 5.0 30.0  ;
705 10.0 30.0  ;
706 15.0 30.0  ;
707 20.0 30.0  ;
708 25.0 30.0  ;
709 30.0 30.0  ;
710 35.0 30.0  ;
711 40.0 30.0  ;
712 45.0 30.0  ;
713 50.0 30.0  ;
714 55.0 30.0  ;
715 60.0 30.0  ;
716 65.0 30.0  ;
717 70.0 30.0  ;
718 75.0 30.0  ;
719 80.0 30.0  ;
720 85.0 30.0  ;
721 90.0 30.0  ;
722 95.0 30.0  ;
723 100.0 30.0  ;
724 105.0 30.0  ;
725 110.0 30.0  ;
726 115.0 30.0  ;
727 120.0 30.0  ;
728 125.0 30.0  ;
729 0.0 35.0  ;
730 5.0 35.0  ;
731 10.0 35.0  ;
732 15.0 35.0  ;
733 20.0 35.0  ;
734 25.0 35.0  ;
735 30.0 35.0  ;
736 35.0 35.0  ;
737 40.0 35.0  ;
738 45.0 35.0  ;
739 50.0 35.0  ;
740 55.0 35.0  ;
741 60.0 35.0  ;
742 65.0 35.0  ;
743 70.0 35.0  ;
744 75.0 35.0  ;
745 80.0 35.0  ;
746 85.0 35.0  ;
747 90.0 35.0  ;
748 95.0 35.0  ;
749 100.0 35.0  ;
750 105.0 35.0  ;
751 110.0 35.0  ;
752 115.0 35.0  ;
753 120.0 35.0  ;
754 125.0 35.0  ;
755 0.0 40.0  ;
756 5.0 40.0  ;
757 10.0 40.0  ;
758 15.0 40.0  ;
759 20.0 40.0  ;
760 25.0 40.0  ;
761 30.0 40.0  ;
762 35.0 40.0  ;
763 40.0 40.0  ;
764 45.0 40.0  ;
765 50.0 40.0  ;
766 55.0 40.0  ;
767 60.0 40.0  ;
768 65.0 40.0  ;
769 70.0 40.0  ;
770 75.0 40.0  ;
771 80.0 40.0  ;
772 85.0 40.0  ;
773 90.0 40.0  ;
774 95.0 40.0  ;
775 100.0 40.0  ;
776 105.0 40.0  ;
777 110.0 40.0  ;
778 115.0 40.0  ;
779 120.0 40.0  ;
780 125.0 40.0  ;
781 0.0 45.0  ;
782 5.0 45.0  ;
783 10.0 45.0  ;
784 15.0 45.0  ;
785 20.0 45.0  ;
786 25.0 45.0  ;
787 30.0 45.0  ;
788 35.0 45.0  ;
789 40.0 45.0  ;
790 45.0 45.0  ;
791 50.0 45.0  ;
792 55.0 45.0  ;
793 60.0 45.0  ;
794 65.0 45.0  ;
795 70.0 45.0  ;
796 75.0 45.0  ;
797 80.0 45.0  ;
798 85.0 45.0  ;
799 90.0 45.0  ;
800 95.0 45.0  ;
801 100.0 45.0  ;
802 105.0 45.0  ;
803 110.0 45.0  ;
804 115.0 45.0  ;
805 120.0 45.0  ;
806 125.0 45.0  ;
807 0.0 50.0  ;
808 5.0 50.0  ;
809 10.0 50.0  ;
810 15.0 50.0  ;
811 20.0 50.0  ;
812 25.0 50.0  ;
813 30.0 50.0  ;
814 35.0 50.0  ;
815 40.0 50.0  ;
816 45.0 50.0  ;
817 50.0 50.0  ;
818 55.0 50.0  ;
819 60.0 50.0  ;
820 65.0 50.0  ;
821 70.0 50.0  ;
822 75.0 50.0  ;
823 80.0 50.0  ;
824 85.0 50.0  ;
825 90.0 50.0  ;
826 95.0 50.0  ;
827 100.0 50.0  ;
828 105.0 50.0  ;
829 110.0 50.0  ;
830 115.0 50.0  ;
831 120.0 50.0  ;
832 125.0 50.0  ;
833 0.0 55.0  ;
834 5.0 55.0  ;
835 10.0 55.0  ;
836 15.0 55.0  ;
837 20.0 55.0  ;
838 25.0 55.0  ;
839 30.0 55.0  ;
840 35.0 55.0  ;
841 40.0 55.0  ;
842 45.0 55.0  ;
843 50.0 55.0  ;
844 55.0 55.0  ;
845 60.0 55.0  ;
846 65.0 55.0  ;
847 70.0 55.0  ;
848 75.0 55.0  ;
849 80.0 55.0  ;
850 85.0 55.0  ;
851 90.0 55.0  ;
852 95.0 55.0  ;
853 100.0 55.0  ;
854 105.0 55.0  ;
855 110.0 55.0  ;
856 115.0 55.0  ;
857 120.0 55.0  ;
858 125.0 55.0  ;
859 0.0 60.0  ;
860 5.0 60.0  ;
861 10.0 60.0  ;
862 15.0 60.0  ;
863 20.0 60.0  ;
864 25.0 60.0  ;
865 30.0 60.0  ;
866 35.0 60.0  ;
867 40.0 60.0  ;
868 45.0 60.0  ;
869 50.0 60.0  ;
870 55.0 60.0  ;
871 60.0 60.0  ;
872 65.0 60.0  ;
873 70.0 60.0  ;
874 75.0 60.0  ;
875 80.0 60.0  ;
876 85.0 60.0  ;
877 90.0 60.0  ;
878 95.0 60.0  ;
879 100.0 60.0  ;
880 105.0 60.0  ;
881 110.0 60.0  ;
882 115.0 60.0  ;
883 120.0 60.0  ;
884 125.0 60.0  ;
885 0.0 65.0  ;
886 5.0 65.0  ;
887 10.0 65.0  ;
888 15.0 65.0  ;
889 20.0 65.0  ;
890 25.0 65.0  ;
891 30.0 65.0  ;
892 35.0 65.0  ;
893 40.0 65.0  ;
894 45.0 65.0  ;
895 50.0 65.0  ;
896 55.0 65.0  ;
897 60.0 65.0  ;
898 65.0 65.0  ;
899 70.0 65.0  ;
900 75.0 65.0  ;
901 80.0 65.0  ;
902 85.0 65.0  ;
903 90.0 65.0  ;
904 95.0 65.0  ;
905 100.0 65.0  ;
906 105.0 65.0  ;
907 110.0 65.0  ;
908 115.0 65.0  ;
909 120.0 65.0  ;
910 125.0 65.0  ;
911 0.0 70.0  ;
912 5.0 70.0  ;
913 10.0 70.0  ;
914 15.0 70.0  ;
915 20.0 70.0  ;
916 25.0 70.0  ;
917 30.0 70.0  ;
918 35.0 70.0  ;
919 40.0 70.0  ;
920 45.0 70.0  ;
921 50.0 70.0  ;
922 55.0 70.0  ;
923 60.0 70.0  ;
924 65.0 70.0  ;
925 70.0 70.0  ;
926 75.0 70.0  ;
927 80.0 70.0  ;
928 85.0 70.0  ;
929 90.0 70.0  ;
930 95.0 70.0  ;
931 100.0 70.0  ;
932 105.0 70.0  ;
933 110.0 70.0  ;
934 115.0 70.0  ;
935 120.0 70.0  ;
936 125.0 70.0  ;
937 0.0 75.0  ;
938 5.0 75.0  ;
939 10.0 75.0  ;
940 15.0 75.0  ;
941 20.0 75.0  ;
942 25.0 75.0  ;
943 30.0 75.0  ;
944 35.0 75.0  ;
945 40.0 75.0  ;
946 45.0 75.0  ;
947 50.0 75.0  ;
948 55.0 75.0  ;
949 60.0 75.0  ;
950 65.0 75.0  ;
951 70.0 75.0  ;
952 75.0 75.0  ;
953 80.0 75.0  ;
954 85.0 75.0  ;
955 90.0 75.0  ;
956 95.0 75.0  ;
957 100.0 75.0  ;
958 105.0 75.0  ;
959 110.0 75.0  ;
960 115.0 75.0  ;
961 120.0 75.0  ;
962 125.0 75.0  ;
963 0.0 80.0  ;
964 5.0 80.0  ;
965 10.0 80.0  ;
966 15.0 80.0  ;
967 20.0 80.0  ;
968 25.0 80.0  ;
969 30.0 80.0  ;
970 35.0 80.0  ;
971 40.0 80.0  ;
972 45.0 80.0  ;
973 50.0 80.0  ;
974 55.0 80.0  ;
975 60.0 80.0  ;
976 65.0 80.0  ;
977 70.0 80.0  ;
978 75.0 80.0  ;
979 80.0 80.0  ;
980 85.0 80.0  ;
981 90.0 80.0  ;
982 95.0 80.0  ;
983 100.0 80.0  ;
984 105.0 80.0  ;
985 110.0 80.0  ;
986 115.0 80.0  ;
987 120.0 80.0  ;
988 125.0 80.0  ;
989 0.0 85.0  ;
990 5.0 85.0  ;
991 10.0 85.0  ;
992 15.0 85.0  ;
993 20.0 85.0  ;
994 25.0 85.0  ;
995 30.0 85.0  ;
996 35.0 85.0  ;
997 40.0 85.0  ;
998 45.0 85.0  ;
999 50.0 85.0  ;
1000 55.0 85.0  ;
1001 60.0 85.0  ;
1002 65.0 85.0  ;
1003 70.0 85.0  ;
1004 75.0 85.0  ;
1005 80.0 85.0  ;
1006 85.0 85.0  ;
1007 90.0 85.0  ;
1008 95.0 85.0  ;
1009 100.0 85.0  ;
1010 105.0 85.0  ;
1011 110.0 85.0  ;
1012 115.0 85.0  ;
1013 120.0 85.0  ;
1014 125.0 85.0  ;
1015 0.0 90.0  ;
1016 5.0 90.0  ;
1017 10.0 90.0  ;
1018 15.0 90.0  ;
1019 20.0 90.0  ;
1020 25.0 90.0  ;
1021 30.0 90.0  ;
1022 35.0 90.0  ;
1023 40.0 90.0  ;
1024 45.0 90.0  ;
1025 50.0 90.0  ;
1026 55.0 90.0  ;
1027 60.0 90.0  ;
1028 65.0 90.0  ;
1029 70.0 90.0  ;
1030 75.0 90.0  ;
1031 80.0 90.0  ;
1032 85.0 90.0  ;
1033 90.0 90.0  ;
1034 95.0 90.0  ;
1035 100.0 90.0  ;
1036 105.0 90.0  ;
1037 110.0 90.0  ;
1038 115.0 90.0  ;
1039 120.0 90.0  ;
1040 125.0 90.0  ;
1041 0.0 95.0  ;
1042 5.0 95.0  ;
1043 10.0 95.0  ;
1044 15.0 95.0  ;
1045 20.0 95.0  ;
1046 25.0 95.0  ;
1047 30.0 95.0  ;
1048 35.0 95.0  ;
1049 40.0 95.0  ;
1050 45.0 95.0  ;
1051 50.0 95.0  ;
1052 55.0 95.0  ;
1053 60.0 95.0  ;
1054 65.0 95.0  ;
1055 70.0 95.0  ;
1056 75.0 95.0  ;
1057 80.0 95.0  ;
1058 85.0 95.0  ;
1059 90.0 95.0  ;
1060 95.0 95.0  ;
1061 100.0 95.0  ;
1062 105.0 95.0  ;
1063 110.0 95.0  ;
1064 115.0 95.0  ;
1065 120.0 95.0  ;
1066 125.0 95.0  ;
1067 0.0 100.0  ;
1068 5.0 100.0  ;
1069 10.0 100.0  ;
1070 15.0 100.0  ;
1071 20.0 100.0  ;
1072 25.0 100.0  ;
1073 30.0 100.0  ;
1074 35.0 100.0  ;
1075 40.0 100.0  ;
1076 45.0 100.0  ;
1077 50.0 100.0  ;
1078 55.0 100.0  ;
1079 60.0 100.0  ;
1080 65.0 100.0  ;
1081 70.0 100.0  ;
1082 75.0 100.0  ;
1083 80.0 100.0  ;
1084 85.0 100.0  ;
1085 90.0 100.0  ;
1086 95.0 100.0  ;
1087 100.0 100.0  ;
1088 105.0 100.0  ;
1089 110.0 100.0  ;
1090 115.0 100.0  ;
1091 120.0 100.0  ;
1092 125.0 100.0  ;
</Nodes>

<Elements>
1 'ContElem' 1 2 28 27  ;
2 'ContElem' 2 3 29 28  ;
3 'ContElem' 3 4 30 29  ;
4 'ContElem' 4 5 31 30  ;
5 'ContElem' 5 6 32 31  ;
6 'ContElem' 6 7 33 32  ;
7 'ContElem' 7 8 34 33  ;
8 'ContElem' 8 9 35 34  ;
9 'ContElem' 9 10 36 35  ;
10 'ContElem' 10 11 37 36  ;
11 'ContElem' 11 12 38 37  ;
12 'ContElem' 12 13 39 38  ;
13 'ContElem' 13 14 40 39  ;
14 'ContElem' 14 15 41 40  ;
15 'ContElem' 15 16 42 41  ;
16 'ContElem' 16 17 43 42  ;
17 'ContElem' 17 18 44 43  ;
18 'ContElem' 18 19 45 44  ;
19 'ContElem' 19 20 46 45  ;
20 'ContElem' 20 21 47 46  ;
21 'ContElem' 21 22 48 47  ;
22 'ContElem' 22 23 49 48  ;
23 'ContElem' 23 24 50 49  ;
24 'ContElem' 24 25 51 50  ;
25 'ContElem' 25 26 52 51  ;
26 'ContElem' 27 28 54 53  ;
27 'ContElem' 28 29 55 54  ;
28 'ContElem' 29 30 56 55  ;
29 'ContElem' 30 31 57 56  ;
30 'ContElem' 31 32 58 57  ;
31 'ContElem' 32 33 59 58  ;
32 'ContElem' 33 34 60 59  ;
33 'ContElem' 34 35 61 60  ;
34 'ContElem' 35 36 62 61  ;
35 'ContElem' 36 37 63 62  ;
36 'ContElem' 37 38 64 63  ;
37 'ContElem' 38 39 65 64  ;
38 'ContElem' 39 40 66 65  ;
39 'ContElem' 40 41 67 66  ;
40 'ContElem' 41 42 68 67  ;
41 'ContElem' 42 43 69 68  ;
42 'ContElem' 43 44 70 69  ;
43 'ContElem' 44 45 71 70  ;
44 'ContElem' 45 46 72 71  ;
45 'ContElem' 46 47 73 72  ;
46 'ContElem' 47 48 74 73  ;
47 'ContElem' 48 49 75 74  ;
48 'ContElem' 49 50 76 75  ;
49 'ContElem' 50 51 77 76  ;
50 'ContElem' 51 52 78 77  ;
51 'ContElem' 53 54 80 79  ;
52 'ContElem' 54 55 81 80  ;
53 'ContElem' 55 56 82 81  ;
54 'ContElem' 56 57 83 82  ;
55 'ContElem' 57 58 84 83  ;
56 'ContElem' 58 59 85 84  ;
57 'ContElem' 59 60 86 85  ;
58 'ContElem' 60 61 87 86  ;
59 'ContElem' 61 62 88 87  ;
60 'ContElem' 62 63 89 88  ;
61 'ContElem' 63 64 90 89  ;
62 'ContElem' 64 65 91 90  ;
63 'ContElem' 65 66 92 91  ;
64 'ContElem' 66 67 93 92  ;
65 'ContElem' 67 68 94 93  ;
66 'ContElem' 68 69 95 94  ;
67 'ContElem' 69 70 96 95  ;
68 'ContElem' 70 71 97 96  ;
69 'ContElem' 71 72 98 97  ;
70 'ContElem' 72 73 99 98  ;
71 'ContElem' 73 74 100 99  ;
72 'ContElem' 74 75 101 100  ;
73 'ContElem' 75 76 102 101  ;
74 'ContElem' 76 77 103 102  ;
75 'ContElem' 77 78 104 103  ;
76 'ContElem' 79 80 106 105  ;
77 'ContElem' 80 81 107 106  ;
78 'ContElem' 81 82 108 107  ;
79 'ContElem' 82 83 109 108  ;
80 'ContElem' 83 84 110 109  ;
81 'ContElem' 84 85 111 110  ;
82 'ContElem' 85 86 112 111  ;
83 'ContElem' 86 87 113 112  ;
84 'ContElem' 87 88 114 113  ;
85 'ContElem' 88 89 115 114  ;
86 'ContElem' 89 90 116 115  ;
87 'ContElem' 90 91 117 116  ;
88 'ContElem' 91 92 118 117  ;
89 'ContElem' 92 93 119 118  ;
90 'ContElem' 93 94 120 119  ;
91 'ContElem' 94 95 121 120  ;
92 'ContElem' 95 96 122 121  ;
93 'ContElem' 96 97 123 122  ;
94 'ContElem' 97 98 124 123  ;
95 'ContElem' 98 99 125 124  ;
96 'ContElem' 99 100 126 125  ;
97 'ContElem' 100 101 127 126  ;
98 'ContElem' 101 102 128 127  ;
99 'ContElem' 102 103 129 128  ;
100 'ContElem' 103 104 130 129  ;
101 'ContElem' 105 106 132 131  ;
102 'ContElem' 106 107 133 132  ;
103 'ContElem' 107 108 134 133  ;
104 'ContElem' 108 109 135 134  ;
105 'ContElem' 109 110 136 135  ;
106 'ContElem' 110 111 137 136  ;
107 'ContElem' 111 112 138 137  ;
108 'ContElem' 112 113 139 138  ;
109 'ContElem' 113 114 140 139  ;
110 'ContElem' 114 115 141 140  ;
111 'ContElem' 115 116 142 141  ;
112 'ContElem' 116 117 143 142  ;
113 'ContElem' 117 118 144 143  ;
114 'ContElem' 118 119 145 144  ;
115 'ContElem' 119 120 146 145  ;
116 'ContElem' 120 121 147 146  ;
117 'ContElem' 121 122 148 147  ;
118 'ContElem' 122 123 149 148  ;
119 'ContElem' 123 124 150 149  ;
120 'ContElem' 124 125 151 150  ;
121 'ContElem' 125 126 152 151  ;
122 'ContElem' 126 127 153 152  ;
123 'ContElem' 127 128 154 153  ;
124 'ContElem' 128 129 155 154  ;
125 'ContElem' 129 130 156 155  ;
126 'ContElem' 131 132 158 157  ;
127 'ContElem' 132 133 159 158  ;
128 'ContElem' 133 134 160 159  ;
129 'ContElem' 134 135 161 160  ;
130 'ContElem' 135 136 162 161  ;
131 'ContElem' 136 137 163 162  ;
132 'ContElem' 137 138 164 163  ;
133 'ContElem' 138 139 165 164  ;
134 'ContElem' 139 140 166 165  ;
135 'ContElem' 140 141 167 166  ;
136 'ContElem' 141 142 168 167  ;
137 'ContElem' 142 143 169 168  ;
138 'ContElem' 143 144 170 169  ;
139 'ContElem' 144 145 171 170  ;
140 'ContElem' 145 146 172 171  ;
141 'ContElem' 146 147 173 172  ;
142 'ContElem' 147 148 174 173  ;
143 'ContElem' 148 149 175 174  ;
144 'ContElem' 149 150 176 175  ;
145 'ContElem' 150 151 177 176  ;
146 'ContElem' 151 152 178 177  ;
147 'ContElem' 152 153 179 178  ;
148 'ContElem' 153 154 180 179  ;
149 'ContElem' 154 155 181 180  ;
150 'ContElem' 155 156 182 181  ;
151 'ContElem' 157 158 184 183  ;
152 'ContElem' 158 159 185 184  ;
153 'ContElem' 159 160 186 185  ;
154 'ContElem' 160 161 187 186  ;
155 'ContElem' 161 162 188 187  ;
156 'ContElem' 162 163 189 188  ;
157 'ContElem' 163 164 190 189  ;
158 'ContElem' 164 165 191 190  ;
159 'ContElem' 165 166 192 191  ;
160 'ContElem' 166 167 193 192  ;
161 'ContElem' 167 168 194 193  ;
162 'ContElem' 168 169 195 194  ;
163 'ContElem' 169 170 196 195  ;
164 'ContElem' 170 171 197 196  ;
165 'ContElem' 171 172 198 197  ;
166 'ContElem' 172 173 199 198  ;
167 'ContElem' 173 174 200 199  ;
168 'ContElem' 174 175 201 200  ;
169 'ContElem' 175 176 202 201  ;
170 'ContElem' 176 177 203 202  ;
171 'ContElem' 177 178 204 203  ;
172 'ContElem' 178 179 205 204  ;
173 'ContElem' 179 180 206 205  ;
174 'ContElem' 180 181 207 206  ;
175 'ContElem' 181 182 208 207  ;
176 'ContElem' 183 184 210 209  ;
177 'ContElem' 184 185 211 210  ;
178 'ContElem' 185 186 212 211  ;
179 'ContElem' 186 187 213 212  ;
180 'ContElem' 187 188 214 213  ;
181 'ContElem' 188 189 215 214  ;
182 'ContElem' 189 190 216 215  ;
183 'ContElem' 190 191 217 216  ;
184 'ContElem' 191 192 218 217  ;
185 'ContElem' 192 193 219 218  ;
186 'ContElem' 193 194 220 219  ;
187 'ContElem' 194 195 221 220  ;
188 'ContElem' 195 196 222 221  ;
189 'ContElem' 196 197 223 222  ;
190 'ContElem' 197 198 224 223  ;
191 'ContElem' 198 199 225 224  ;
192 'ContElem' 199 200 226 225  ;
193 'ContElem' 200 201 227 226  ;
194 'ContElem' 201 202 228 227  ;
195 'ContElem' 202 203 229 228  ;
196 'ContElem' 203 204 230 229  ;
197 'ContElem' 204 205 231 230  ;
198 'ContElem' 205 206 232 231  ;
199 'ContElem' 206 207 233 232  ;
200 'ContElem' 207 208 234 233  ;
201 'ContElem' 209 210 236 235  ;
202 'ContElem' 210 211 237 236  ;
203 'ContElem' 211 212 238 237  ;
204 'ContElem' 212 213 239 238  ;
205 'ContElem' 213 214 240 239  ;
206 'ContElem' 214 215 241 240  ;
207 'ContElem' 215 216 242 241  ;
208 'ContElem' 216 217 243 242  ;
209 'ContElem' 217 218 244 243  ;
210 'ContElem' 218 219 245 244  ;
211 'ContElem' 219 220 246 245  ;
212 'ContElem' 220 221 247 246  ;
213 'ContElem' 221 222 248 247  ;
214 'ContElem' 222 223 249 248  ;
215 'ContElem' 223 224 250 249  ;
216 'ContElem' 224 225 251 250  ;
217 'ContElem' 225 226 252 251  ;
218 'ContElem' 226 227 253 252  ;
219 'ContElem' 227 228 254 253  ;
220 'ContElem' 228 229 255 254  ;
221 'ContElem' 229 230 256 255  ;
222 'ContElem' 230 231 257 256  ;
223 'ContElem' 231 232 258 257  ;
224 'ContElem' 232 233 259 258  ;
225 'ContElem' 233 234 260 259  ;
226 'ContElem' 235 236 262 261  ;
227 'ContElem' 236 237 263 262  ;
228 'ContElem' 237 238 264 263  ;
229 'ContElem' 238 239 265 264  ;
230 'ContElem' 239 240 266 265  ;
231 'ContElem' 240 241 267 266  ;
232 'ContElem' 241 242 268 267  ;
233 'ContElem' 242 243 269 268  ;
234 'ContElem' 243 244 270 269  ;
235 'ContElem' 244 245 271 270  ;
236 'ContElem' 245 246 272 271  ;
237 'ContElem' 246 247 273 272  ;
238 'ContElem' 247 248 274 273  ;
239 'ContElem' 248 249 275 274  ;
240 'ContElem' 249 250 276 275  ;
241 'ContElem' 250 251 277 276  ;
242 'ContElem' 251 252 278 277  ;
243 'ContElem' 252 253 279 278  ;
244 'ContElem' 253 254 280 279  ;
245 'ContElem' 254 255 281 280  ;
246 'ContElem' 255 256 282 281  ;
247 'ContElem' 256 257 283 282  ;
248 'ContElem' 257 258 284 283  ;
249 'ContElem' 258 259 285 284  ;
250 'ContElem' 259 260 286 285  ;
251 'ContElem' 261 262 288 287  ;
252 'ContElem' 262 263 289 288  ;
253 'ContElem' 263 264 290 289  ;
254 'ContElem' 264 265 291 290  ;
255 'ContElem' 265 266 292 291  ;
256 'ContElem' 266 267 293 292  ;
257 'ContElem' 267 268 294 293  ;
258 'ContElem' 268 269 295 294  ;
259 'ContElem' 269 270 296 295  ;
260 'ContElem' 270 271 297 296  ;
261 'ContElem' 271 272 298 297  ;
262 'ContElem' 272 273 299 298  ;
263 'ContElem' 273 274 300 299  ;
264 'ContElem' 274 275 301 300  ;
265 'ContElem' 275 276 302 301  ;
266 'ContElem' 276 277 303 302  ;
267 'ContElem' 277 278 304 303  ;
268 'ContElem' 278 279 305 304  ;
269 'ContElem' 279 280 306 305  ;
270 'ContElem' 280 281 307 306  ;
271 'ContElem' 281 282 308 307  ;
272 'ContElem' 282 283 309 308  ;
273 'ContElem' 283 284 310 309  ;
274 'ContElem' 284 285 311 310  ;
275 'ContElem' 285 286 312 311  ;
276 'ContElem' 287 288 314 313  ;
277 'ContElem' 288 289 315 314  ;
278 'ContElem' 289 290 316 315  ;
279 'ContElem' 290 291 317 316  ;
280 'ContElem' 291 292 318 317  ;
281 'ContElem' 292 293 319 318  ;
282 'ContElem' 293 294 320 319  ;
283 'ContElem' 294 295 321 320  ;
284 'ContElem' 295 296 322 321  ;
285 'ContElem' 296 297 323 322  ;
286 'ContElem' 297 298 324 323  ;
287 'ContElem' 298 299 325 324  ;
288 'ContElem' 299 300 326 325  ;
289 'ContElem' 300 301 327 326  ;
290 'ContElem' 301 302 328 327  ;
291 'ContElem' 302 303 329 328  ;
292 'ContElem' 303 304 330 329  ;
293 'ContElem' 304 305 331 330  ;
294 'ContElem' 305 306 332 331  ;
295 'ContElem' 306 307 333 332  ;
296 'ContElem' 307 308 334 333  ;
297 'ContElem' 308 309 335 334  ;
298 'ContElem' 309 310 336 335  ;
299 'ContElem' 310 311 337 336  ;
300 'ContElem' 311 312 338 337  ;
301 'ContElem' 313 314 340 339  ;
302 'ContElem' 314 315 341 340  ;
303 'ContElem' 315 316 342 341  ;
304 'ContElem' 316 317 343 342  ;
305 'ContElem' 317 318 344 343  ;
306 'ContElem' 318 319 345 344  ;
307 'ContElem' 319 320 346 345  ;
308 'ContElem' 320 321 347 346  ;
309 'ContElem' 321 322 348 347  ;
310 'ContElem' 322 323 349 348  ;
311 'ContElem' 323 324 350 349  ;
312 'ContElem' 324 325 351 350  ;
313 'ContElem' 325 326 352 351  ;
314 'ContElem' 326 327 353 352  ;
315 'ContElem' 327 328 354 353  ;
316 'ContElem' 328 329 355 354  ;
317 'ContElem' 329 330 356 355  ;
318 'ContElem' 330 331 357 356  ;
319 'ContElem' 331 332 358 357  ;
320 'ContElem' 332 333 359 358  ;
321 'ContElem' 333 334 360 359  ;
322 'ContElem' 334 335 361 360  ;
323 'ContElem' 335 336 362 361  ;
324 'ContElem' 336 337 363 362  ;
325 'ContElem' 337 338 364 363  ;
326 'ContElem' 339 340 366 365  ;
327 'ContElem' 340 341 367 366  ;
328 'ContElem' 341 342 368 367  ;
329 'ContElem' 342 343 369 368  ;
330 'ContElem' 343 344 370 369  ;
331 'ContElem' 344 345 371 370  ;
332 'ContElem' 345 346 372 371  ;
333 'ContElem' 346 347 373 372  ;
334 'ContElem' 347 348 374 373  ;
335 'ContElem' 348 349 375 374  ;
336 'ContElem' 349 350 376 375  ;
337 'ContElem' 350 351 377 376  ;
338 'ContElem' 351 352 378 377  ;
339 'ContElem' 352 353 379 378  ;
340 'ContElem' 353 354 380 379  ;
341 'ContElem' 354 355 381 380  ;
342 'ContElem' 355 356 382 381  ;
343 'ContElem' 356 357 383 382  ;
344 'ContElem' 357 358 384 383  ;
345 'ContElem' 358 359 385 384  ;
346 'ContElem' 359 360 386 385  ;
347 'ContElem' 360 361 387 386  ;
348 'ContElem' 361 362 388 387  ;
349 'ContElem' 362 363 389 388  ;
350 'ContElem' 363 364 390 389  ;
351 'ContElem' 365 366 392 391  ;
352 'ContElem' 366 367 393 392  ;
353 'ContElem' 367 368 394 393  ;
354 'ContElem' 368 369 395 394  ;
355 'ContElem' 369 370 396 395  ;
356 'ContElem' 370 371 397 396  ;
357 'ContElem' 371 372 398 397  ;
358 'ContElem' 372 373 399 398  ;
359 'ContElem' 373 374 400 399  ;
360 'ContElem' 374 375 401 400  ;
361 'ContElem' 375 376 402 401  ;
362 'ContElem' 376 377 403 402  ;
363 'ContElem' 377 378 404 403  ;
364 'ContElem' 378 379 405 404  ;
365 'ContElem' 379 380 406 405  ;
366 'ContElem' 380 381 407 406  ;
367 'ContElem' 381 382 408 407  ;
368 'ContElem' 382 383 409 408  ;
369 'ContElem' 383 384 410 409  ;
370 'ContElem' 384 385 411 410  ;
371 'ContElem' 385 386 412 411  ;
372 'ContElem' 386 387 413 412  ;
373 'ContElem' 387 388 414 413  ;
374 'ContElem' 388 389 415 414  ;
375 'ContElem' 389 390 416 415  ;
376 'ContElem' 391 392 418 417  ;
377 'ContElem' 392 393 419 418  ;
378 'ContElem' 393 394 420 419  ;
379 'ContElem' 394 395 421 420  ;
380 'ContElem' 395 396 422 421  ;
381 'ContElem' 396 397 423 422  ;
382 'ContElem' 397 398 424 423  ;
383 'ContElem' 398 399 425 424  ;
384 'ContElem' 399 400 426 425  ;
385 'ContElem' 400 401 427 426  ;
386 'ContElem' 401 402 428 427  ;
387 'ContElem' 402 403 429 428  ;
388 'ContElem' 403 404 430 429  ;
389 'ContElem' 404 405 431 430  ;
390 'ContElem' 405 406 432 431  ;
391 'ContElem' 406 407 433 432  ;
392 'ContElem' 407 408 434 433  ;
393 'ContElem' 408 409 435 434  ;
394 'ContElem' 409 410 436 435  ;
395 'ContElem' 410 411 437 436  ;
396 'ContElem' 411 412 438 437  ;
397 'ContElem' 412 413 439 438  ;
398 'ContElem' 413 414 440 439  ;
399 'ContElem' 414 415 441 440  ;
400 'ContElem' 415 416 442 441  ;
401 'ContElem' 417 418 444 443  ;
402 'ContElem' 418 419 445 444  ;
403 'ContElem' 419 420 446 445  ;
404 'ContElem' 420 421 447 446  ;
405 'ContElem' 421 422 448 447  ;
406 'ContElem' 422 423 449 448  ;
407 'ContElem' 423 424 450 449  ;
408 'ContElem' 424 425 451 450  ;
409 'ContElem' 425 426 452 451  ;
410 'ContElem' 426 427 453 452  ;
411 'ContElem' 427 428 454 453  ;
412 'ContElem' 428 429 455 454  ;
413 'ContElem' 429 430 456 455  ;
414 'ContElem' 430 431 457 456  ;
415 'ContElem' 431 432 458 457  ;
416 'ContElem' 432 433 459 458  ;
417 'ContElem' 433 434 460 459  ;
418 'ContElem' 434 435 461 460  ;
419 'ContElem' 435 436 462 461  ;
420 'ContElem' 436 437 463 462  ;
421 'ContElem' 437 438 464 463  ;
422 'ContElem' 438 439 465 464  ;
423 'ContElem' 439 440 466 465  ;
424 'ContElem' 440 441 467 466  ;
425 'ContElem' 441 442 468 467  ;
426 'ContElem' 443 444 470 469  ;
427 'ContElem' 444 445 471 470  ;
428 'ContElem' 445 446 472 471  ;
429 'ContElem' 446 447 473 472  ;
430 'ContElem' 447 448 474 473  ;
431 'ContElem' 448 449 475 474  ;
432 'ContElem' 449 450 476 475  ;
433 'ContElem' 450 451 477 476  ;
434 'ContElem' 451 452 478 477  ;
435 'ContElem' 452 453 479 478  ;
436 'ContElem' 453 454 480 479  ;
437 'ContElem' 454 455 481 480  ;
438 'ContElem' 455 456 482 481  ;
439 'ContElem' 456 457 483 482  ;
440 'ContElem' 457 458 484 483  ;
441 'ContElem' 458 459 485 484  ;
442 'ContElem' 459 460 486 485  ;
443 'ContElem' 460 461 487 486  ;
444 'ContElem' 461 462 488 487  ;
445 'ContElem' 462 463 489 488  ;
446 'ContElem' 463 464 490 489  ;
447 'ContElem' 464 465 491 490  ;
448 'ContElem' 465 466 492 491  ;
449 'ContElem' 466 467 493 492  ;
450 'ContElem' 467 468 494 493  ;
451 'ContElem' 469 470 496 495  ;
452 'ContElem' 470 471 497 496  ;
453 'ContElem' 471 472 498 497  ;
454 'ContElem' 472 473 499 498  ;
455 'ContElem' 473 474 500 499  ;
456 'ContElem' 474 475 501 500  ;
457 'ContElem' 475 476 502 501  ;
458 'ContElem' 476 477 503 502  ;
459 'ContElem' 477 478 504 503  ;
460 'ContElem' 478 479 505 504  ;
461 'ContElem' 479 480 506 505  ;
462 'ContElem' 480 481 507 506  ;
463 'ContElem' 481 482 508 507  ;
464 'ContElem' 482 483 509 508  ;
465 'ContElem' 483 484 510 509  ;
466 'ContElem' 484 485 511 510  ;
467 'ContElem' 485 486 512 511  ;
468 'ContElem' 486 487 513 512  ;
469 'ContElem' 487 488 514 513  ;
470 'ContElem' 488 489 515 514  ;
471 'ContElem' 489 490 516 515  ;
472 'ContElem' 490 491 517 516  ;
473 'ContElem' 491 492 518 517  ;
474 'ContElem' 492 493 519 518  ;
475 'ContElem' 493 494 520 519  ;
476 'ContElem' 495 496 522 521  ;
477 'ContElem' 496 497 523 522  ;
478 'ContElem' 497 498 524 523  ;
479 'ContElem' 498 499 525 524  ;
480 'ContElem' 499 500 526 525  ;
481 'ContElem' 500 501 527 526  ;
482 'ContElem' 501 502 528 527  ;
483 'ContElem' 502 503 529 528  ;
484 'ContElem' 503 504 530 529  ;
485 'ContElem' 504 505 531 530  ;
486 'ContElem' 505 506 532 531  ;
487 'ContElem' 506 507 533 532  ;
488 'ContElem' 507 508 534 533  ;
489 'ContElem' 508 509 535 534  ;
490 'ContElem' 509 510 536 535  ;
491 'ContElem' 510 511 537 536  ;
492 'ContElem' 511 512 538 537  ;
493 'ContElem' 512 513 539 538  ;
494 'ContElem' 513 514 540 539  ;
495 'ContElem' 514 515 541 540  ;
496 'ContElem' 515 516 542 541  ;
497 'ContElem' 516 517 543 542  ;
498 'ContElem' 517 518 544 543  ;
499 'ContElem' 518 519 545 544  ;
500 'ContElem' 519 520 546 545  ;
501 'InterfaceElem' 130 156 651 677  ;
502 'InterfaceElem' 156 182 677 703  ;
503 'InterfaceElem' 182 208 703 729  ;
504 'InterfaceElem' 208 234 729 755  ;
505 'InterfaceElem' 234 260 755 781  ;
506 'InterfaceElem' 260 286 781 807  ;
507 'InterfaceElem' 286 312 807 833  ;
508 'InterfaceElem' 312 338 833 859  ;
509 'InterfaceElem' 338 364 859 885  ;
510 'InterfaceElem' 364 390 885 911  ;
511 'InterfaceElem' 390 416 911 937  ;
512 'InterfaceElem' 416 442 937 963  ;
513 'InterfaceElem' 442 468 963 989  ;
514 'InterfaceElem' 468 494 989 1015  ;
515 'InterfaceElem' 494 520 1015 1041  ;
516 'InterfaceElem' 520 546 1041 1067  ;
517 'ContElem' 547 548 574 573  ;
518 'ContElem' 548 549 575 574  ;
519 'ContElem' 549 550 576 575  ;
520 'ContElem' 550 551 577 576  ;
521 'ContElem' 551 552 578 577  ;
522 'ContElem' 552 553 579 578  ;
523 'ContElem' 553 554 580 579  ;
524 'ContElem' 554 555 581 580  ;
525 'ContElem' 555 556 582 581  ;
526 'ContElem' 556 557 583 582  ;
527 'ContElem' 557 558 584 583  ;
528 'ContElem' 558 559 585 584  ;
529 'ContElem' 559 560 586 585  ;
530 'ContElem' 560 561 587 586  ;
531 'ContElem' 561 562 588 587  ;
532 'ContElem' 562 563 589 588  ;
533 'ContElem' 563 564 590 589  ;
534 'ContElem' 564 565 591 590  ;
535 'ContElem' 565 566 592 591  ;
536 'ContElem' 566 567 593 592  ;
537 'ContElem' 567 568 594 593  ;
538 'ContElem' 568 569 595 594  ;
539 'ContElem' 569 570 596 595  ;
540 'ContElem' 570 571 597 596  ;
541 'ContElem' 571 572 598 597  ;
542 'ContElem' 573 574 600 599  ;
543 'ContElem' 574 575 601 600  ;
544 'ContElem' 575 576 602 601  ;
545 'ContElem' 576 577 603 602  ;
546 'ContElem' 577 578 604 603  ;
547 'ContElem' 578 579 605 604  ;
548 'ContElem' 579 580 606 605  ;
549 'ContElem' 580 581 607 606  ;
550 'ContElem' 581 582 608 607  ;
551 'ContElem' 582 583 609 608  ;
552 'ContElem' 583 584 610 609  ;
553 'ContElem' 584 585 611 610  ;
554 'ContElem' 585 586 612 611  ;
555 'ContElem' 586 587 613 612  ;
556 'ContElem' 587 588 614 613  ;
557 'ContElem' 588 589 615 614  ;
558 'ContElem' 589 590 616 615  ;
559 'ContElem' 590 591 617 616  ;
560 'ContElem' 591 592 618 617  ;
561 'ContElem' 592 593 619 618  ;
562 'ContElem' 593 594 620 619  ;
563 'ContElem' 594 595 621 620  ;
564 'ContElem' 595 596 622 621  ;
565 'ContElem' 596 597 623 622  ;
566 'ContElem' 597 598 624 623  ;
567 'ContElem' 599 600 626 625  ;
568 'ContElem' 600 601 627 626  ;
569 'ContElem' 601 602 628 627  ;
570 'ContElem' 602 603 629 628  ;
571 'ContElem' 603 604 630 629  ;
572 'ContElem' 604 605 631 630  ;
573 'ContElem' 605 606 632 631  ;
574 'ContElem' 606 607 633 632  ;
575 'ContElem' 607 608 634 633  ;
576 'ContElem' 608 609 635 634  ;
577 'ContElem' 609 610 636 635  ;
578 'ContElem' 610 611 637 636  ;
579 'ContElem' 611 612 638 637  ;
580 'ContElem' 612 613 639 638  ;
581 'ContElem' 613 614 640 639  ;
582 'ContElem' 614 615 641 640  ;
583 'ContElem' 615 616 642 641  ;
584 'ContElem' 616 617 643 642  ;
585 'ContElem' 617 618 644 643  ;
586 'ContElem' 618 619 645 644  ;
587 'ContElem' 619 620 646 645  ;
588 'ContElem' 620 621 647 646  ;
589 'ContElem' 621 622 648 647  ;
590 'ContElem' 622 623 649 648  ;
591 'ContElem' 623 624 650 649  ;
592 'ContElem' 625 626 652 651  ;
593 'ContElem' 626 627 653 652  ;
594 'ContElem' 627 628 654 653  ;
595 'ContElem' 628 629 655 654  ;
596 'ContElem' 629 630 656 655  ;
597 'ContElem' 630 631 657 656  ;
598 'ContElem' 631 632 658 657  ;
599 'ContElem' 632 633 659 658  ;
600 'ContElem' 633 634 660 659  ;
601 'ContElem' 634 635 661 660  ;
602 'ContElem' 635 636 662 661  ;
603 'ContElem' 636 637 663 662  ;
604 'ContElem' 637 638 664 663  ;
605 'ContElem' 638 639 665 664  ;
606 'ContElem' 639 640 666 665  ;
607 'ContElem' 640 641 667 666  ;
608 'ContElem' 641 642 668 667  ;
609 'ContElem' 642 643 669 668  ;
610 'ContElem' 643 644 670 669  ;
611 'ContElem' 644 645 671 670  ;
612 'ContElem' 645 646 672 671  ;
613 'ContElem' 646 647 673 672  ;
614 'ContElem' 647 648 674 673  ;
615 'ContElem' 648 649 675 674  ;
616 'ContElem' 649 650 676 675  ;
617 'ContElem' 651 652 678 677  ;
618 'ContElem' 652 653 679 678  ;
619 'ContElem' 653 654 680 679  ;
620 'ContElem' 654 655 681 680  ;
621 'ContElem' 655 656 682 681  ;
622 'ContElem' 656 657 683 682  ;
623 'ContElem' 657 658 684 683  ;
624 'ContElem' 658 659 685 684  ;
625 'ContElem' 659 660 686 685  ;
626 'ContElem' 660 661 687 686  ;
627 'ContElem' 661 662 688 687  ;
628 'ContElem' 662 663 689 688  ;
629 'ContElem' 663 664 690 689  ;
630 'ContElem' 664 665 691 690  ;
631 'ContElem' 665 666 692 691  ;
632 'ContElem' 666 667 693 692  ;
633 'ContElem' 667 668 694 693  ;
634 'ContElem' 668 669 695 694  ;
635 'ContElem' 669 670 696 695  ;
636 'ContElem' 670 671 697 696  ;
637 'ContElem' 671 672 698 697  ;
638 'ContElem' 672 673 699 698  ;
639 'ContElem' 673 674 700 699  ;
640 'ContElem' 674 675 701 700  ;
641 'ContElem' 675 676 702 701  ;
642 'ContElem' 677 678 704 703  ;
643 'ContElem' 678 679 705 704  ;
644 'ContElem' 679 680 706 705  ;
645 'ContElem' 680 681 707 706  ;
646 'ContElem' 681 682 708 707  ;
647 'ContElem' 682 683 709 708  ;
648 'ContElem' 683 684 710 709  ;
649 'ContElem' 684 685 711 710  ;
650 'ContElem' 685 686 712 711  ;
651 'ContElem' 686 687 713 712  ;
652 'ContElem' 687 688 714 713  ;
653 'ContElem' 688 689 715 714  ;
654 'ContElem' 689 690 716 715  ;
655 'ContElem' 690 691 717 716  ;
656 'ContElem' 691 692 718 717  ;
657 'ContElem' 692 693 719 718  ;
658 'ContElem' 693 694 720 719  ;
659 'ContElem' 694 695 721 720  ;
660 'ContElem' 695 696 722 721  ;
661 'ContElem' 696 697 723 722  ;
662 'ContElem' 697 698 724 723  ;
663 'ContElem' 698 699 725 724  ;
664 'ContElem' 699 700 726 725  ;
665 'ContElem' 700 701 727 726  ;
666 'ContElem' 701 702 728 727  ;
667 'ContElem' 703 704 730 729  ;
668 'ContElem' 704 705 731 730  ;
669 'ContElem' 705 706 732 731  ;
670 'ContElem' 706 707 733 732  ;
671 'ContElem' 707 708 734 733  ;
672 'ContElem' 708 709 735 734  ;
673 'ContElem' 709 710 736 735  ;
674 'ContElem' 710 711 737 736  ;
675 'ContElem' 711 712 738 737  ;
676 'ContElem' 712 713 739 738  ;
677 'ContElem' 713 714 740 739  ;
678 'ContElem' 714 715 741 740  ;
679 'ContElem' 715 716 742 741  ;
680 'ContElem' 716 717 743 742  ;
681 'ContElem' 717 718 744 743  ;
682 'ContElem' 718 719 745 744  ;
683 'ContElem' 719 720 746 745  ;
684 'ContElem' 720 721 747 746  ;
685 'ContElem' 721 722 748 747  ;
686 'ContElem' 722 723 749 748  ;
687 'ContElem' 723 724 750 749  ;
688 'ContElem' 724 725 751 750  ;
689 'ContElem' 725 726 752 751  ;
690 'ContElem' 726 727 753 752  ;
691 'ContElem' 727 728 754 753  ;
692 'ContElem' 729 730 756 755  ;
693 'ContElem' 730 731 757 756  ;
694 'ContElem' 731 732 758 757  ;
695 'ContElem' 732 733 759 758  ;
696 'ContElem' 733 734 760 759  ;
697 'ContElem' 734 735 761 760  ;
698 'ContElem' 735 736 762 761  ;
699 'ContElem' 736 737 763 762  ;
700 'ContElem' 737 738 764 763  ;
701 'ContElem' 738 739 765 764  ;
702 'ContElem' 739 740 766 765  ;
703 'ContElem' 740 741 767 766  ;
704 'ContElem' 741 742 768 767  ;
705 'ContElem' 742 743 769 768  ;
706 'ContElem' 743 744 770 769  ;
707 'ContElem' 744 745 771 770  ;
708 'ContElem' 745 746 772 771  ;
709 'ContElem' 746 747 773 772  ;
710 'ContElem' 747 748 774 773  ;
711 'ContElem' 748 749 775 774  ;
712 'ContElem' 749 750 776 775  ;
713 'ContElem' 750 751 777 776  ;
714 'ContElem' 751 752 778 777  ;
715 'ContElem' 752 753 779 778  ;
716 'ContElem' 753 754 780 779  ;
717 'ContElem' 755 756 782 781  ;
718 'ContElem' 756 757 783 782  ;
719 'ContElem' 757 758 784 783  ;
720 'ContElem' 758 759 785 784  ;
721 'ContElem' 759 760 786 785  ;
722 'ContElem' 760 761 787 786  ;
723 'ContElem' 761 762 788 787  ;
724 'ContElem' 762 763 789 788  ;
725 'ContElem' 763 764 790 789  ;
726 'ContElem' 764 765 791 790  ;
727 'ContElem' 765 766 792 791  ;
728 'ContElem' 766 767 793 792  ;
729 'ContElem' 767 768 794 793  ;
730 'ContElem' 768 769 795 794  ;
731 'ContElem' 769 770 796 795  ;
732 'ContElem' 770 771 797 796  ;
733 'ContElem' 771 772 798 797  ;
734 'ContElem' 772 773 799 798  ;
735 'ContElem' 773 774 800 799  ;
736 'ContElem' 774 775 801 800  ;
737 'ContElem' 775 776 802 801  ;
738 'ContElem' 776 777 803 802  ;
739 'ContElem' 777 778 804 803  ;
740 'ContElem' 778 779 805 804  ;
741 'ContElem' 779 780 806 805  ;
742 'ContElem' 781 782 808 807  ;
743 'ContElem' 782 783 809 808  ;
744 'ContElem' 783 784 810 809  ;
745 'ContElem' 784 785 811 810  ;
746 'ContElem' 785 786 812 811  ;
747 'ContElem' 786 787 813 812  ;
748 'ContElem' 787 788 814 813  ;
749 'ContElem' 788 789 815 814  ;
750 'ContElem' 789 790 816 815  ;
751 'ContElem' 790 791 817 816  ;
752 'ContElem' 791 792 818 817  ;
753 'ContElem' 792 793 819 818  ;
754 'ContElem' 793 794 820 819  ;
755 'ContElem' 794 795 821 820  ;
756 'ContElem' 795 796 822 821  ;
757 'ContElem' 796 797 823 822  ;
758 'ContElem' 797 798 824 823  ;
759 'ContElem' 798 799 825 824  ;
760 'ContElem' 799 800 826 825  ;
761 'ContElem' 800 801 827 826  ;
762 'ContElem' 801 802 828 827  ;
763 'ContElem' 802 803 829 828  ;
764 'ContElem' 803 804 830 829  ;
765 'ContElem' 804 805 831 830  ;
766 'ContElem' 805 806 832 831  ;
767 'ContElem' 807 808 834 833  ;
768 'ContElem' 808 809 835 834  ;
769 'ContElem' 809 810 836 835  ;
770 'ContElem' 810 811 837 836  ;
771 'ContElem' 811 812 838 837  ;
772 'ContElem' 812 813 839 838  ;
773 'ContElem' 813 814 840 839  ;
774 'ContElem' 814 815 841 840  ;
775 'ContElem' 815 816 842 841  ;
776 'ContElem' 816 817 843 842  ;
777 'ContElem' 817 818 844 843  ;
778 'ContElem' 818 819 845 844  ;
779 'ContElem' 819 820 846 845  ;
780 'ContElem' 820 821 847 846  ;
781 'ContElem' 821 822 848 847  ;
782 'ContElem' 822 823 849 848  ;
783 'ContElem' 823 824 850 849  ;
784 'ContElem' 824 825 851 850  ;
785 'ContElem' 825 826 852 851  ;
786 'ContElem' 826 827 853 852  ;
787 'ContElem' 827 828 854 853  ;
788 'ContElem' 828 829 855 854  ;
789 'ContElem' 829 830 856 855  ;
790 'ContElem' 830 831 857 856  ;
791 'ContElem' 831 832 858 857  ;
792 'ContElem' 833 834 860 859  ;
793 'ContElem' 834 835 861 860  ;
794 'ContElem' 835 836 862 861  ;
795 'ContElem' 836 837 863 862  ;
796 'ContElem' 837 838 864 863  ;
797 'ContElem' 838 839 865 864  ;
798 'ContElem' 839 840 866 865  ;
799 'ContElem' 840 841 867 866  ;
800 'ContElem' 841 842 868 867  ;
801 'ContElem' 842 843 869 868  ;
802 'ContElem' 843 844 870 869  ;
803 'ContElem' 844 845 871 870  ;
804 'ContElem' 845 846 872 871  ;
805 'ContElem' 846 847 873 872  ;
806 'ContElem' 847 848 874 873  ;
807 'ContElem' 848 849 875 874  ;
808 'ContElem' 849 850 876 875  ;
809 'ContElem' 850 851 877 876  ;
810 'ContElem' 851 852 878 877  ;
811 'ContElem' 852 853 879 878  ;
812 'ContElem' 853 854 880 879  ;
813 'ContElem' 854 855 881 880  ;
814 'ContElem' 855 856 882 881  ;
815 'ContElem' 856 857 883 882  ;
816 'ContElem' 857 858 884 883  ;
817 'ContElem' 859 860 886 885  ;
818 'ContElem' 860 861 887 886  ;
819 'ContElem' 861 862 888 887  ;
820 'ContElem' 862 863 889 888  ;
821 'ContElem' 863 864 890 889  ;
822 'ContElem' 864 865 891 890  ;
823 'ContElem' 865 866 892 891  ;
824 'ContElem' 866 867 893 892  ;
825 'ContElem' 867 868 894 893  ;
826 'ContElem' 868 869 895 894  ;
827 'ContElem' 869 870 896 895  ;
828 'ContElem' 870 871 897 896  ;
829 'ContElem' 871 872 898 897  ;
830 'ContElem' 872 873 899 898  ;
831 'ContElem' 873 874 900 899  ;
832 'ContElem' 874 875 901 900  ;
833 'ContElem' 875 876 902 901  ;
834 'ContElem' 876 877 903 902  ;
835 'ContElem' 877 878 904 903  ;
836 'ContElem' 878 879 905 904  ;
837 'ContElem' 879 880 906 905  ;
838 'ContElem' 880 881 907 906  ;
839 'ContElem' 881 882 908 907  ;
840 'ContElem' 882 883 909 908  ;
841 'ContElem' 883 884 910 909  ;
842 'ContElem' 885 886 912 911  ;
843 'ContElem' 886 887 913 912  ;
844 'ContElem' 887 888 914 913  ;
845 'ContElem' 888 889 915 914  ;
846 'ContElem' 889 890 916 915  ;
847 'ContElem' 890 891 917 916  ;
848 'ContElem' 891 892 918 917  ;
849 'ContElem' 892 893 919 918  ;
850 'ContElem' 893 894 920 919  ;
851 'ContElem' 894 895 921 920  ;
852 'ContElem' 895 896 922 921  ;
853 'ContElem' 896 897 923 922  ;
854 'ContElem' 897 898 924 923  ;
855 'ContElem' 898 899 925 924  ;
856 'ContElem' 899 900 926 925  ;
857 'ContElem' 900 901 927 926  ;
858 'ContElem' 901 902 928 927  ;
859 'ContElem' 902 903 929 928  ;
860 'ContElem' 903 904 930 929  ;
861 'ContElem' 904 905 931 930  ;
862 'ContElem' 905 906 932 931  ;
863 'ContElem' 906 907 933 932  ;
864 'ContElem' 907 908 934 933  ;
865 'ContElem' 908 909 935 934  ;
866 'ContElem' 909 910 936 935  ;
867 'ContElem' 911 912 938 937  ;
868 'ContElem' 912 913 939 938  ;
869 'ContElem' 913 914 940 939  ;
870 'ContElem' 914 915 941 940  ;
871 'ContElem' 915 916 942 941  ;
872 'ContElem' 916 917 943 942  ;
873 'ContElem' 917 918 944 943  ;
874 'ContElem' 918 919 945 944  ;
875 'ContElem' 919 920 946 945  ;
876 'ContElem' 920 921 947 946  ;
877 'ContElem' 921 922 948 947  ;
878 'ContElem' 922 923 949 948  ;
879 'ContElem' 923 924 950 949  ;
880 'ContElem' 924 925 951 950  ;
881 'ContElem' 925 926 952 951  ;
882 'ContElem' 926 927 953 952  ;
883 'ContElem' 927 928 954 953  ;
884 'ContElem' 928 929 955 954  ;
885 'ContElem' 929 930 956 955  ;
886 'ContElem' 930 931 957 956  ;
887 'ContElem' 931 932 958 957  ;
888 'ContElem' 932 933 959 958  ;
889 'ContElem' 933 934 960 959  ;
890 'ContElem' 934 935 961 960  ;
891 'ContElem' 935 936 962 961  ;
892 'ContElem' 937 938 964 963  ;
893 'ContElem' 938 939 965 964  ;
894 'ContElem' 939 940 966 965  ;
895 'ContElem' 940 941 967 966  ;
896 'ContElem' 941 942 968 967  ;
897 'ContElem' 942 943 969 968  ;
898 'ContElem' 943 944 970 969  ;
899 'ContElem' 944 945 971 970  ;
900 'ContElem' 945 946 972 971  ;
901 'ContElem' 946 947 973 972  ;
902 'ContElem' 947 948 974 973  ;
903 'ContElem' 948 949 975 974  ;
904 'ContElem' 949 950 976 975  ;
905 'ContElem' 950 951 977 976  ;
906 'ContElem' 951 952 978 977  ;
907 'ContElem' 952 953 979 978  ;
908 'ContElem' 953 954 980 979  ;
909 'ContElem' 954 955 981 980  ;
910 'ContElem' 955 956 982 981  ;
911 'ContElem' 956 957 983 982  ;
912 'ContElem' 957 958 984 983  ;
913 'ContElem' 958 959 985 984  ;
914 'ContElem' 959 960 986 985  ;
915 'ContElem' 960 961 987 986  ;
916 'ContElem' 961 962 988 987  ;
917 'ContElem' 963 964 990 989  ;
918 'ContElem' 964 965 991 990  ;
919 'ContElem' 965 966 992 991  ;
920 'ContElem' 966 967 993 992  ;
921 'ContElem' 967 968 994 993  ;
922 'ContElem' 968 969 995 994  ;
923 'ContElem' 969 970 996 995  ;
924 'ContElem' 970 971 997 996  ;
925 'ContElem' 971 972 998 997  ;
926 'ContElem' 972 973 999 998  ;
927 'ContElem' 973 974 1000 999  ;
928 'ContElem' 974 975 1001 1000  ;
929 'ContElem' 975 976 1002 1001  ;
930 'ContElem' 976 977 1003 1002  ;
931 'ContElem' 977 978 1004 1003  ;
932 'ContElem' 978 979 1005 1004  ;
933 'ContElem' 979 980 1006 1005  ;
934 'ContElem' 980 981 1007 1006  ;
935 'ContElem' 981 982 1008 1007  ;
936 'ContElem' 982 983 1009 1008  ;
937 'ContElem' 983 984 1010 1009  ;
938 'ContElem' 984 985 1011 1010  ;
939 'ContElem' 985 986 1012 1011  ;
940 'ContElem' 986 987 1013 1012  ;
941 'ContElem' 987 988 1014 1013  ;
942 'ContElem' 989 990 1016 1015  ;
943 'ContElem' 990 991 1017 1016  ;
944 'ContElem' 991 992 1018 1017  ;
945 'ContElem' 992 993 1019 1018  ;
946 'ContElem' 993 994 1020 1019  ;
947 'ContElem' 994 995 1021 1020  ;
948 'ContElem' 995 996 1022 1021  ;
949 'ContElem' 996 997 1023 1022  ;
950 'ContElem' 997 998 1024 1023  ;
951 'ContElem' 998 999 1025 1024  ;
952 'ContElem' 999 1000 1026 1025  ;
953 'ContElem' 1000 1001 1027 1026  ;
954 'ContElem' 1001 1002 1028 1027  ;
955 'ContElem' 1002 1003 1029 1028  ;
956 'ContElem' 1003 1004 1030 1029  ;
957 'ContElem' 1004 1005 1031 1030  ;
958 'ContElem' 1005 1006 1032 1031  ;
959 'ContElem' 1006 1007 1033 1032  ;
960 'ContElem' 1007 1008 1034 1033  ;
961 'ContElem' 1008 1009 1035 1034  ;
962 'ContElem' 1009 1010 1036 1035  ;
963 'ContElem' 1010 1011 1037 1036  ;
964 'ContElem' 1011 1012 1038 1037  ;
965 'ContElem' 1012 1013 1039 1038  ;
966 'ContElem' 1013 1014 1040 1039  ;
967 'ContElem' 1015 1016 1042 1041  ;
968 'ContElem' 1016 1017 1043 1042  ;
969 'ContElem' 1017 1018 1044 1043  ;
970 'ContElem' 1018 1019 1045 1044  ;
971 'ContElem' 1019 1020 1046 1045  ;
972 'ContElem' 1020 1021 1047 1046  ;
973 'ContElem' 1021 1022 1048 1047  ;
974 'ContElem' 1022 1023 1049 1048  ;
975 'ContElem' 1023 1024 1050 1049  ;
976 'ContElem' 1024 1025 1051 1050  ;
977 'ContElem' 1025 1026 1052 1051  ;
978 'ContElem' 1026 1027 1053 1052  ;
979 'ContElem' 1027 1028 1054 1053  ;
980 'ContElem' 1028 1029 1055 1054  ;
981 'ContElem' 1029 1030 1056 1055  ;
982 'ContElem' 1030 1031 1057 1056  ;
983 'ContElem' 1031 1032 1058 1057  ;
984 'ContElem' 1032 1033 1059 1058  ;
985 'ContElem' 1033 1034 1060 1059  ;
986 'ContElem' 1034 1035 1061 1060  ;
987 'ContElem' 1035 1036 1062 1061  ;
988 'ContElem' 1036 1037 1063 1062  ;
989 'ContElem' 1037 1038 1064 1063  ;
990 'ContElem' 1038 1039 1065 1064  ;
991 'ContElem' 1039 1040 1066 1065  ;
992 'ContElem' 1041 1042 1068 1067  ;
993 'ContElem' 1042 1043 1069 1068  ;
994 'ContElem' 1043 1044 1070 1069  ;
995 'ContElem' 1044 1045 1071 1070  ;
996 'ContElem' 1045 1046 1072 1071  ;
997 'ContElem' 1046 1047 1073 1072  ;
998 'ContElem' 1047 1048 1074 1073  ;
999 'ContElem' 1048 1049 1075 1074  ;
1000 'ContElem' 1049 1050 1076 1075  ;
1001 'ContElem' 1050 1051 1077 1076  ;
1002 'ContElem' 1051 1052 1078 1077  ;
1003 'ContElem' 1052 1053 1079 1078  ;
1004 'ContElem' 1053 1054 1080 1079  ;
1005 'ContElem' 1054 1055 1081 1080  ;
1006 'ContElem' 1055 1056 1082 1081  ;
1007 'ContElem' 1056 1057 1083 1082  ;
1008 'ContElem' 1057 1058 1084 1083  ;
1009 'ContElem' 1058 1059 1085 1084  ;
1010 'ContElem' 1059 1060 1086 1085  ;
1011 'ContElem' 1060 1061 1087 1086  ;
1012 'ContElem' 1061 1062 1088 1087  ;
1013 'ContElem' 1062 1063 1089 1088  ;
1014 'ContElem' 1063 1064 1090 1089  ;
1015 'ContElem' 1064 1065 1091 1090  ;
1016 'ContElem' 1065 1066 1092 1091  ;
</Elements>

<NodeConstraints>
 u[1]   = 0.0;
 v[1]   = 0.0;
 v[572] = 0.0;
</NodeConstraints>

<ExternalForces>
 v[546]  = -500.;
 v[1067] = -500.;
</ExternalForces>
