<Nodes>
  1 0.000000 -0.400000 ;
  2 0.100000 -0.400000 ;
  3 0.200000 -0.400000 ;
  4 0.300000 -0.400000 ;
  5 0.400000 -0.400000 ;
  6 0.500000 -0.400000 ;
  7 0.600000 -0.400000 ;
  8 0.700000 -0.400000 ;
  9 0.800000 -0.400000 ;
  10 0.900000 -0.400000 ;
  11 1.000000 -0.400000 ;
  12 1.100000 -0.400000 ;
  13 1.200000 -0.400000 ;
  14 1.300000 -0.400000 ;
  15 1.400000 -0.400000 ;
  16 1.500000 -0.400000 ;
  17 1.600000 -0.400000 ;
  18 1.700000 -0.400000 ;
  19 1.800000 -0.400000 ;
  20 1.900000 -0.400000 ;
  21 2.000000 -0.400000 ;
  22 2.100000 -0.400000 ;
  23 2.200000 -0.400000 ;
  24 2.300000 -0.400000 ;
  25 2.400000 -0.400000 ;
  26 2.500000 -0.400000 ;
  27 2.600000 -0.400000 ;
  28 2.700000 -0.400000 ;
  29 2.800000 -0.400000 ;
  30 2.900000 -0.400000 ;
  31 3.000000 -0.400000 ;
  32 3.100000 -0.400000 ;
  33 3.200000 -0.400000 ;
  34 3.300000 -0.400000 ;
  35 3.400000 -0.400000 ;
  36 3.500000 -0.400000 ;
  37 3.600000 -0.400000 ;
  38 3.700000 -0.400000 ;
  39 3.800000 -0.400000 ;
  40 3.900000 -0.400000 ;
  41 4.000000 -0.400000 ;
  42 4.100000 -0.400000 ;
  43 4.200000 -0.400000 ;
  44 4.300000 -0.400000 ;
  45 4.400000 -0.400000 ;
  46 4.500000 -0.400000 ;
  47 4.600000 -0.400000 ;
  48 4.700000 -0.400000 ;
  49 4.800000 -0.400000 ;
  50 4.900000 -0.400000 ;
  51 5.000000 -0.400000 ;
  52 5.100000 -0.400000 ;
  53 5.200000 -0.400000 ;
  54 5.300000 -0.400000 ;
  55 5.400000 -0.400000 ;
  56 5.500000 -0.400000 ;
  57 5.600000 -0.400000 ;
  58 5.700000 -0.400000 ;
  59 5.800000 -0.400000 ;
  60 5.900000 -0.400000 ;
  61 6.000000 -0.400000 ;
  62 6.100000 -0.400000 ;
  63 6.200000 -0.400000 ;
  64 6.300000 -0.400000 ;
  65 6.400000 -0.400000 ;
  66 6.500000 -0.400000 ;
  67 6.600000 -0.400000 ;
  68 6.700000 -0.400000 ;
  69 6.800000 -0.400000 ;
  70 6.900000 -0.400000 ;
  71 7.000000 -0.400000 ;
  72 7.100000 -0.400000 ;
  73 7.200000 -0.400000 ;
  74 7.300000 -0.400000 ;
  75 7.400000 -0.400000 ;
  76 7.500000 -0.400000 ;
  77 7.600000 -0.400000 ;
  78 7.700000 -0.400000 ;
  79 7.800000 -0.400000 ;
  80 7.900000 -0.400000 ;
  81 8.000000 -0.400000 ;
  82 8.100000 -0.400000 ;
  83 8.200000 -0.400000 ;
  84 8.300000 -0.400000 ;
  85 8.400000 -0.400000 ;
  86 8.500000 -0.400000 ;
  87 8.600000 -0.400000 ;
  88 8.700000 -0.400000 ;
  89 8.800000 -0.400000 ;
  90 8.900000 -0.400000 ;
  91 9.000000 -0.400000 ;
  92 9.100000 -0.400000 ;
  93 9.200000 -0.400000 ;
  94 9.300000 -0.400000 ;
  95 9.400000 -0.400000 ;
  96 9.500000 -0.400000 ;
  97 9.600000 -0.400000 ;
  98 9.700000 -0.400000 ;
  99 9.800000 -0.400000 ;
  100 9.900000 -0.400000 ;
  101 10.000000 -0.400000 ;
  102 10.100000 -0.400000 ;
  103 10.200000 -0.400000 ;
  104 10.300000 -0.400000 ;
  105 10.400000 -0.400000 ;
  106 10.500000 -0.400000 ;
  107 10.600000 -0.400000 ;
  108 10.700000 -0.400000 ;
  109 10.800000 -0.400000 ;
  110 10.900000 -0.400000 ;
  111 11.000000 -0.400000 ;
  112 11.100000 -0.400000 ;
  113 11.200000 -0.400000 ;
  114 11.300000 -0.400000 ;
  115 11.400000 -0.400000 ;
  116 11.500000 -0.400000 ;
  117 11.600000 -0.400000 ;
  118 11.700000 -0.400000 ;
  119 11.800000 -0.400000 ;
  120 11.900000 -0.400000 ;
  121 12.000000 -0.400000 ;
  122 12.100000 -0.400000 ;
  123 12.200000 -0.400000 ;
  124 12.300000 -0.400000 ;
  125 12.400000 -0.400000 ;
  126 12.500000 -0.400000 ;
  127 12.600000 -0.400000 ;
  128 12.700000 -0.400000 ;
  129 12.800000 -0.400000 ;
  130 12.900000 -0.400000 ;
  131 13.000000 -0.400000 ;
  132 13.100000 -0.400000 ;
  133 13.200000 -0.400000 ;
  134 13.300000 -0.400000 ;
  135 13.400000 -0.400000 ;
  136 13.500000 -0.400000 ;
  137 13.600000 -0.400000 ;
  138 13.700000 -0.400000 ;
  139 13.800000 -0.400000 ;
  140 13.900000 -0.400000 ;
  141 14.000000 -0.400000 ;
  142 14.100000 -0.400000 ;
  143 14.200000 -0.400000 ;
  144 14.300000 -0.400000 ;
  145 14.400000 -0.400000 ;
  146 14.500000 -0.400000 ;
  147 14.600000 -0.400000 ;
  148 14.700000 -0.400000 ;
  149 14.800000 -0.400000 ;
  150 14.900000 -0.400000 ;
  151 15.000000 -0.400000 ;
  152 15.100000 -0.400000 ;
  153 15.200000 -0.400000 ;
  154 15.300000 -0.400000 ;
  155 15.400000 -0.400000 ;
  156 15.500000 -0.400000 ;
  157 15.600000 -0.400000 ;
  158 15.700000 -0.400000 ;
  159 15.800000 -0.400000 ;
  160 15.900000 -0.400000 ;
  161 16.000000 -0.400000 ;
  162 16.100000 -0.400000 ;
  163 16.200000 -0.400000 ;
  164 16.300000 -0.400000 ;
  165 16.400000 -0.400000 ;
  166 16.500000 -0.400000 ;
  167 16.600000 -0.400000 ;
  168 16.700000 -0.400000 ;
  169 16.800000 -0.400000 ;
  170 16.900000 -0.400000 ;
  171 17.000000 -0.400000 ;
  172 17.100000 -0.400000 ;
  173 17.200000 -0.400000 ;
  174 17.300000 -0.400000 ;
  175 17.400000 -0.400000 ;
  176 17.500000 -0.400000 ;
  177 17.600000 -0.400000 ;
  178 17.700000 -0.400000 ;
  179 17.800000 -0.400000 ;
  180 17.900000 -0.400000 ;
  181 18.000000 -0.400000 ;
  182 18.100000 -0.400000 ;
  183 18.200000 -0.400000 ;
  184 18.300000 -0.400000 ;
  185 18.400000 -0.400000 ;
  186 18.500000 -0.400000 ;
  187 18.600000 -0.400000 ;
  188 18.700000 -0.400000 ;
  189 18.800000 -0.400000 ;
  190 18.900000 -0.400000 ;
  191 19.000000 -0.400000 ;
  192 19.100000 -0.400000 ;
  193 19.200000 -0.400000 ;
  194 19.300000 -0.400000 ;
  195 19.400000 -0.400000 ;
  196 19.500000 -0.400000 ;
  197 19.600000 -0.400000 ;
  198 19.700000 -0.400000 ;
  199 19.800000 -0.400000 ;
  200 19.900000 -0.400000 ;
  201 20.000000 -0.400000 ;
  202 0.000000 -0.200000 ;
  203 0.100000 -0.200000 ;
  204 0.200000 -0.200000 ;
  205 0.300000 -0.200000 ;
  206 0.400000 -0.200000 ;
  207 0.500000 -0.200000 ;
  208 0.600000 -0.200000 ;
  209 0.700000 -0.200000 ;
  210 0.800000 -0.200000 ;
  211 0.900000 -0.200000 ;
  212 1.000000 -0.200000 ;
  213 1.100000 -0.200000 ;
  214 1.200000 -0.200000 ;
  215 1.300000 -0.200000 ;
  216 1.400000 -0.200000 ;
  217 1.500000 -0.200000 ;
  218 1.600000 -0.200000 ;
  219 1.700000 -0.200000 ;
  220 1.800000 -0.200000 ;
  221 1.900000 -0.200000 ;
  222 2.000000 -0.200000 ;
  223 2.100000 -0.200000 ;
  224 2.200000 -0.200000 ;
  225 2.300000 -0.200000 ;
  226 2.400000 -0.200000 ;
  227 2.500000 -0.200000 ;
  228 2.600000 -0.200000 ;
  229 2.700000 -0.200000 ;
  230 2.800000 -0.200000 ;
  231 2.900000 -0.200000 ;
  232 3.000000 -0.200000 ;
  233 3.100000 -0.200000 ;
  234 3.200000 -0.200000 ;
  235 3.300000 -0.200000 ;
  236 3.400000 -0.200000 ;
  237 3.500000 -0.200000 ;
  238 3.600000 -0.200000 ;
  239 3.700000 -0.200000 ;
  240 3.800000 -0.200000 ;
  241 3.900000 -0.200000 ;
  242 4.000000 -0.200000 ;
  243 4.100000 -0.200000 ;
  244 4.200000 -0.200000 ;
  245 4.300000 -0.200000 ;
  246 4.400000 -0.200000 ;
  247 4.500000 -0.200000 ;
  248 4.600000 -0.200000 ;
  249 4.700000 -0.200000 ;
  250 4.800000 -0.200000 ;
  251 4.900000 -0.200000 ;
  252 5.000000 -0.200000 ;
  253 5.100000 -0.200000 ;
  254 5.200000 -0.200000 ;
  255 5.300000 -0.200000 ;
  256 5.400000 -0.200000 ;
  257 5.500000 -0.200000 ;
  258 5.600000 -0.200000 ;
  259 5.700000 -0.200000 ;
  260 5.800000 -0.200000 ;
  261 5.900000 -0.200000 ;
  262 6.000000 -0.200000 ;
  263 6.100000 -0.200000 ;
  264 6.200000 -0.200000 ;
  265 6.300000 -0.200000 ;
  266 6.400000 -0.200000 ;
  267 6.500000 -0.200000 ;
  268 6.600000 -0.200000 ;
  269 6.700000 -0.200000 ;
  270 6.800000 -0.200000 ;
  271 6.900000 -0.200000 ;
  272 7.000000 -0.200000 ;
  273 7.100000 -0.200000 ;
  274 7.200000 -0.200000 ;
  275 7.300000 -0.200000 ;
  276 7.400000 -0.200000 ;
  277 7.500000 -0.200000 ;
  278 7.600000 -0.200000 ;
  279 7.700000 -0.200000 ;
  280 7.800000 -0.200000 ;
  281 7.900000 -0.200000 ;
  282 8.000000 -0.200000 ;
  283 8.100000 -0.200000 ;
  284 8.200000 -0.200000 ;
  285 8.300000 -0.200000 ;
  286 8.400000 -0.200000 ;
  287 8.500000 -0.200000 ;
  288 8.600000 -0.200000 ;
  289 8.700000 -0.200000 ;
  290 8.800000 -0.200000 ;
  291 8.900000 -0.200000 ;
  292 9.000000 -0.200000 ;
  293 9.100000 -0.200000 ;
  294 9.200000 -0.200000 ;
  295 9.300000 -0.200000 ;
  296 9.400000 -0.200000 ;
  297 9.500000 -0.200000 ;
  298 9.600000 -0.200000 ;
  299 9.700000 -0.200000 ;
  300 9.800000 -0.200000 ;
  301 9.900000 -0.200000 ;
  302 10.000000 -0.200000 ;
  303 10.100000 -0.200000 ;
  304 10.200000 -0.200000 ;
  305 10.300000 -0.200000 ;
  306 10.400000 -0.200000 ;
  307 10.500000 -0.200000 ;
  308 10.600000 -0.200000 ;
  309 10.700000 -0.200000 ;
  310 10.800000 -0.200000 ;
  311 10.900000 -0.200000 ;
  312 11.000000 -0.200000 ;
  313 11.100000 -0.200000 ;
  314 11.200000 -0.200000 ;
  315 11.300000 -0.200000 ;
  316 11.400000 -0.200000 ;
  317 11.500000 -0.200000 ;
  318 11.600000 -0.200000 ;
  319 11.700000 -0.200000 ;
  320 11.800000 -0.200000 ;
  321 11.900000 -0.200000 ;
  322 12.000000 -0.200000 ;
  323 12.100000 -0.200000 ;
  324 12.200000 -0.200000 ;
  325 12.300000 -0.200000 ;
  326 12.400000 -0.200000 ;
  327 12.500000 -0.200000 ;
  328 12.600000 -0.200000 ;
  329 12.700000 -0.200000 ;
  330 12.800000 -0.200000 ;
  331 12.900000 -0.200000 ;
  332 13.000000 -0.200000 ;
  333 13.100000 -0.200000 ;
  334 13.200000 -0.200000 ;
  335 13.300000 -0.200000 ;
  336 13.400000 -0.200000 ;
  337 13.500000 -0.200000 ;
  338 13.600000 -0.200000 ;
  339 13.700000 -0.200000 ;
  340 13.800000 -0.200000 ;
  341 13.900000 -0.200000 ;
  342 14.000000 -0.200000 ;
  343 14.100000 -0.200000 ;
  344 14.200000 -0.200000 ;
  345 14.300000 -0.200000 ;
  346 14.400000 -0.200000 ;
  347 14.500000 -0.200000 ;
  348 14.600000 -0.200000 ;
  349 14.700000 -0.200000 ;
  350 14.800000 -0.200000 ;
  351 14.900000 -0.200000 ;
  352 15.000000 -0.200000 ;
  353 15.100000 -0.200000 ;
  354 15.200000 -0.200000 ;
  355 15.300000 -0.200000 ;
  356 15.400000 -0.200000 ;
  357 15.500000 -0.200000 ;
  358 15.600000 -0.200000 ;
  359 15.700000 -0.200000 ;
  360 15.800000 -0.200000 ;
  361 15.900000 -0.200000 ;
  362 16.000000 -0.200000 ;
  363 16.100000 -0.200000 ;
  364 16.200000 -0.200000 ;
  365 16.300000 -0.200000 ;
  366 16.400000 -0.200000 ;
  367 16.500000 -0.200000 ;
  368 16.600000 -0.200000 ;
  369 16.700000 -0.200000 ;
  370 16.800000 -0.200000 ;
  371 16.900000 -0.200000 ;
  372 17.000000 -0.200000 ;
  373 17.100000 -0.200000 ;
  374 17.200000 -0.200000 ;
  375 17.300000 -0.200000 ;
  376 17.400000 -0.200000 ;
  377 17.500000 -0.200000 ;
  378 17.600000 -0.200000 ;
  379 17.700000 -0.200000 ;
  380 17.800000 -0.200000 ;
  381 17.900000 -0.200000 ;
  382 18.000000 -0.200000 ;
  383 18.100000 -0.200000 ;
  384 18.200000 -0.200000 ;
  385 18.300000 -0.200000 ;
  386 18.400000 -0.200000 ;
  387 18.500000 -0.200000 ;
  388 18.600000 -0.200000 ;
  389 18.700000 -0.200000 ;
  390 18.800000 -0.200000 ;
  391 18.900000 -0.200000 ;
  392 19.000000 -0.200000 ;
  393 19.100000 -0.200000 ;
  394 19.200000 -0.200000 ;
  395 19.300000 -0.200000 ;
  396 19.400000 -0.200000 ;
  397 19.500000 -0.200000 ;
  398 19.600000 -0.200000 ;
  399 19.700000 -0.200000 ;
  400 19.800000 -0.200000 ;
  401 19.900000 -0.200000 ;
  402 20.000000 -0.200000 ;
  403 0.000000 0.000000 ;
  404 0.100000 0.000000 ;
  405 0.200000 0.000000 ;
  406 0.300000 0.000000 ;
  407 0.400000 0.000000 ;
  408 0.500000 0.000000 ;
  409 0.600000 0.000000 ;
  410 0.700000 0.000000 ;
  411 0.800000 0.000000 ;
  412 0.900000 0.000000 ;
  413 1.000000 0.000000 ;
  414 1.100000 0.000000 ;
  415 1.200000 0.000000 ;
  416 1.300000 0.000000 ;
  417 1.400000 0.000000 ;
  418 1.500000 0.000000 ;
  419 1.600000 0.000000 ;
  420 1.700000 0.000000 ;
  421 1.800000 0.000000 ;
  422 1.900000 0.000000 ;
  423 2.000000 0.000000 ;
  424 2.100000 0.000000 ;
  425 2.200000 0.000000 ;
  426 2.300000 0.000000 ;
  427 2.400000 0.000000 ;
  428 2.500000 0.000000 ;
  429 2.600000 0.000000 ;
  430 2.700000 0.000000 ;
  431 2.800000 0.000000 ;
  432 2.900000 0.000000 ;
  433 3.000000 0.000000 ;
  434 3.100000 0.000000 ;
  435 3.200000 0.000000 ;
  436 3.300000 0.000000 ;
  437 3.400000 0.000000 ;
  438 3.500000 0.000000 ;
  439 3.600000 0.000000 ;
  440 3.700000 0.000000 ;
  441 3.800000 0.000000 ;
  442 3.900000 0.000000 ;
  443 4.000000 0.000000 ;
  444 4.100000 0.000000 ;
  445 4.200000 0.000000 ;
  446 4.300000 0.000000 ;
  447 4.400000 0.000000 ;
  448 4.500000 0.000000 ;
  449 4.600000 0.000000 ;
  450 4.700000 0.000000 ;
  451 4.800000 0.000000 ;
  452 4.900000 0.000000 ;
  453 5.000000 0.000000 ;
  454 5.100000 0.000000 ;
  455 5.200000 0.000000 ;
  456 5.300000 0.000000 ;
  457 5.400000 0.000000 ;
  458 5.500000 0.000000 ;
  459 5.600000 0.000000 ;
  460 5.700000 0.000000 ;
  461 5.800000 0.000000 ;
  462 5.900000 0.000000 ;
  463 6.000000 0.000000 ;
  464 6.100000 0.000000 ;
  465 6.200000 0.000000 ;
  466 6.300000 0.000000 ;
  467 6.400000 0.000000 ;
  468 6.500000 0.000000 ;
  469 6.600000 0.000000 ;
  470 6.700000 0.000000 ;
  471 6.800000 0.000000 ;
  472 6.900000 0.000000 ;
  473 7.000000 0.000000 ;
  474 7.100000 0.000000 ;
  475 7.200000 0.000000 ;
  476 7.300000 0.000000 ;
  477 7.400000 0.000000 ;
  478 7.500000 0.000000 ;
  479 7.600000 0.000000 ;
  480 7.700000 0.000000 ;
  481 7.800000 0.000000 ;
  482 7.900000 0.000000 ;
  483 8.000000 0.000000 ;
  484 8.100000 0.000000 ;
  485 8.200000 0.000000 ;
  486 8.300000 0.000000 ;
  487 8.400000 0.000000 ;
  488 8.500000 0.000000 ;
  489 8.600000 0.000000 ;
  490 8.700000 0.000000 ;
  491 8.800000 0.000000 ;
  492 8.900000 0.000000 ;
  493 9.000000 0.000000 ;
  494 9.100000 0.000000 ;
  495 9.200000 0.000000 ;
  496 9.300000 0.000000 ;
  497 9.400000 0.000000 ;
  498 9.500000 0.000000 ;
  499 9.600000 0.000000 ;
  500 9.700000 0.000000 ;
  501 9.800000 0.000000 ;
  502 9.900000 0.000000 ;
  503 10.000000 0.000000 ;
  504 10.100000 0.000000 ;
  505 10.200000 0.000000 ;
  506 10.300000 0.000000 ;
  507 10.400000 0.000000 ;
  508 10.500000 0.000000 ;
  509 10.600000 0.000000 ;
  510 10.700000 0.000000 ;
  511 10.800000 0.000000 ;
  512 10.900000 0.000000 ;
  513 11.000000 0.000000 ;
  514 11.100000 0.000000 ;
  515 11.200000 0.000000 ;
  516 11.300000 0.000000 ;
  517 11.400000 0.000000 ;
  518 11.500000 0.000000 ;
  519 11.600000 0.000000 ;
  520 11.700000 0.000000 ;
  521 11.800000 0.000000 ;
  522 11.900000 0.000000 ;
  523 12.000000 0.000000 ;
  524 12.100000 0.000000 ;
  525 12.200000 0.000000 ;
  526 12.300000 0.000000 ;
  527 12.400000 0.000000 ;
  528 12.500000 0.000000 ;
  529 12.600000 0.000000 ;
  530 12.700000 0.000000 ;
  531 12.800000 0.000000 ;
  532 12.900000 0.000000 ;
  533 13.000000 0.000000 ;
  534 13.100000 0.000000 ;
  535 13.200000 0.000000 ;
  536 13.300000 0.000000 ;
  537 13.400000 0.000000 ;
  538 13.500000 0.000000 ;
  539 13.600000 0.000000 ;
  540 13.700000 0.000000 ;
  541 13.800000 0.000000 ;
  542 13.900000 0.000000 ;
  543 14.000000 0.000000 ;
  544 14.100000 0.000000 ;
  545 14.200000 0.000000 ;
  546 14.300000 0.000000 ;
  547 14.400000 0.000000 ;
  548 14.500000 0.000000 ;
  549 14.600000 0.000000 ;
  550 14.700000 0.000000 ;
  551 14.800000 0.000000 ;
  552 14.900000 0.000000 ;
  553 15.000000 0.000000 ;
  554 15.100000 0.000000 ;
  555 15.200000 0.000000 ;
  556 15.300000 0.000000 ;
  557 15.400000 0.000000 ;
  558 15.500000 0.000000 ;
  559 15.600000 0.000000 ;
  560 15.700000 0.000000 ;
  561 15.800000 0.000000 ;
  562 15.900000 0.000000 ;
  563 16.000000 0.000000 ;
  564 16.100000 0.000000 ;
  565 16.200000 0.000000 ;
  566 16.300000 0.000000 ;
  567 16.400000 0.000000 ;
  568 16.500000 0.000000 ;
  569 16.600000 0.000000 ;
  570 16.700000 0.000000 ;
  571 16.800000 0.000000 ;
  572 16.900000 0.000000 ;
  573 17.000000 0.000000 ;
  574 17.100000 0.000000 ;
  575 17.200000 0.000000 ;
  576 17.300000 0.000000 ;
  577 17.400000 0.000000 ;
  578 17.500000 0.000000 ;
  579 17.600000 0.000000 ;
  580 17.700000 0.000000 ;
  581 17.800000 0.000000 ;
  582 17.900000 0.000000 ;
  583 18.000000 0.000000 ;
  584 18.100000 0.000000 ;
  585 18.200000 0.000000 ;
  586 18.300000 0.000000 ;
  587 18.400000 0.000000 ;
  588 18.500000 0.000000 ;
  589 18.600000 0.000000 ;
  590 18.700000 0.000000 ;
  591 18.800000 0.000000 ;
  592 18.900000 0.000000 ;
  593 19.000000 0.000000 ;
  594 19.100000 0.000000 ;
  595 19.200000 0.000000 ;
  596 19.300000 0.000000 ;
  597 19.400000 0.000000 ;
  598 19.500000 0.000000 ;
  599 19.600000 0.000000 ;
  600 19.700000 0.000000 ;
  601 19.800000 0.000000 ;
  602 19.900000 0.000000 ;
  603 20.000000 0.000000 ;
  604 0.000000 0.000000 ;
  605 0.100000 0.000000 ;
  606 0.200000 0.000000 ;
  607 0.300000 0.000000 ;
  608 0.400000 0.000000 ;
  609 0.500000 0.000000 ;
  610 0.600000 0.000000 ;
  611 0.700000 0.000000 ;
  612 0.800000 0.000000 ;
  613 0.900000 0.000000 ;
  614 1.000000 0.000000 ;
  615 1.100000 0.000000 ;
  616 1.200000 0.000000 ;
  617 1.300000 0.000000 ;
  618 1.400000 0.000000 ;
  619 1.500000 0.000000 ;
  620 1.600000 0.000000 ;
  621 1.700000 0.000000 ;
  622 1.800000 0.000000 ;
  623 1.900000 0.000000 ;
  624 2.000000 0.000000 ;
  625 2.100000 0.000000 ;
  626 2.200000 0.000000 ;
  627 2.300000 0.000000 ;
  628 2.400000 0.000000 ;
  629 2.500000 0.000000 ;
  630 2.600000 0.000000 ;
  631 2.700000 0.000000 ;
  632 2.800000 0.000000 ;
  633 2.900000 0.000000 ;
  634 3.000000 0.000000 ;
  635 3.100000 0.000000 ;
  636 3.200000 0.000000 ;
  637 3.300000 0.000000 ;
  638 3.400000 0.000000 ;
  639 3.500000 0.000000 ;
  640 3.600000 0.000000 ;
  641 3.700000 0.000000 ;
  642 3.800000 0.000000 ;
  643 3.900000 0.000000 ;
  644 4.000000 0.000000 ;
  645 4.100000 0.000000 ;
  646 4.200000 0.000000 ;
  647 4.300000 0.000000 ;
  648 4.400000 0.000000 ;
  649 4.500000 0.000000 ;
  650 4.600000 0.000000 ;
  651 4.700000 0.000000 ;
  652 4.800000 0.000000 ;
  653 4.900000 0.000000 ;
  654 5.000000 0.000000 ;
  655 5.100000 0.000000 ;
  656 5.200000 0.000000 ;
  657 5.300000 0.000000 ;
  658 5.400000 0.000000 ;
  659 5.500000 0.000000 ;
  660 5.600000 0.000000 ;
  661 5.700000 0.000000 ;
  662 5.800000 0.000000 ;
  663 5.900000 0.000000 ;
  664 6.000000 0.000000 ;
  665 6.100000 0.000000 ;
  666 6.200000 0.000000 ;
  667 6.300000 0.000000 ;
  668 6.400000 0.000000 ;
  669 6.500000 0.000000 ;
  670 6.600000 0.000000 ;
  671 6.700000 0.000000 ;
  672 6.800000 0.000000 ;
  673 6.900000 0.000000 ;
  674 7.000000 0.000000 ;
  675 7.100000 0.000000 ;
  676 7.200000 0.000000 ;
  677 7.300000 0.000000 ;
  678 7.400000 0.000000 ;
  679 7.500000 0.000000 ;
  680 7.600000 0.000000 ;
  681 7.700000 0.000000 ;
  682 7.800000 0.000000 ;
  683 7.900000 0.000000 ;
  684 8.000000 0.000000 ;
  685 8.100000 0.000000 ;
  686 8.200000 0.000000 ;
  687 8.300000 0.000000 ;
  688 8.400000 0.000000 ;
  689 8.500000 0.000000 ;
  690 8.600000 0.000000 ;
  691 8.700000 0.000000 ;
  692 8.800000 0.000000 ;
  693 8.900000 0.000000 ;
  694 9.000000 0.000000 ;
  695 9.100000 0.000000 ;
  696 9.200000 0.000000 ;
  697 9.300000 0.000000 ;
  698 9.400000 0.000000 ;
  699 9.500000 0.000000 ;
  700 9.600000 0.000000 ;
  701 9.700000 0.000000 ;
  702 9.800000 0.000000 ;
  703 9.900000 0.000000 ;
  704 10.000000 0.000000 ;
  705 10.100000 0.000000 ;
  706 10.200000 0.000000 ;
  707 10.300000 0.000000 ;
  708 10.400000 0.000000 ;
  709 10.500000 0.000000 ;
  710 10.600000 0.000000 ;
  711 10.700000 0.000000 ;
  712 10.800000 0.000000 ;
  713 10.900000 0.000000 ;
  714 11.000000 0.000000 ;
  715 11.100000 0.000000 ;
  716 11.200000 0.000000 ;
  717 11.300000 0.000000 ;
  718 11.400000 0.000000 ;
  719 11.500000 0.000000 ;
  720 11.600000 0.000000 ;
  721 11.700000 0.000000 ;
  722 11.800000 0.000000 ;
  723 11.900000 0.000000 ;
  724 12.000000 0.000000 ;
  725 12.100000 0.000000 ;
  726 12.200000 0.000000 ;
  727 12.300000 0.000000 ;
  728 12.400000 0.000000 ;
  729 12.500000 0.000000 ;
  730 12.600000 0.000000 ;
  731 12.700000 0.000000 ;
  732 12.800000 0.000000 ;
  733 12.900000 0.000000 ;
  734 13.000000 0.000000 ;
  735 13.100000 0.000000 ;
  736 13.200000 0.000000 ;
  737 13.300000 0.000000 ;
  738 13.400000 0.000000 ;
  739 13.500000 0.000000 ;
  740 13.600000 0.000000 ;
  741 13.700000 0.000000 ;
  742 13.800000 0.000000 ;
  743 13.900000 0.000000 ;
  744 14.000000 0.000000 ;
  745 14.100000 0.000000 ;
  746 14.200000 0.000000 ;
  747 14.300000 0.000000 ;
  748 14.400000 0.000000 ;
  749 14.500000 0.000000 ;
  750 14.600000 0.000000 ;
  751 14.700000 0.000000 ;
  752 14.800000 0.000000 ;
  753 14.900000 0.000000 ;
  754 15.000000 0.000000 ;
  755 15.100000 0.000000 ;
  756 15.200000 0.000000 ;
  757 15.300000 0.000000 ;
  758 15.400000 0.000000 ;
  759 15.500000 0.000000 ;
  760 15.600000 0.000000 ;
  761 15.700000 0.000000 ;
  762 15.800000 0.000000 ;
  763 15.900000 0.000000 ;
  764 16.000000 0.000000 ;
  765 16.100000 0.000000 ;
  766 16.200000 0.000000 ;
  767 16.300000 0.000000 ;
  768 16.400000 0.000000 ;
  769 16.500000 0.000000 ;
  770 16.600000 0.000000 ;
  771 16.700000 0.000000 ;
  772 16.800000 0.000000 ;
  773 16.900000 0.000000 ;
  774 17.000000 0.000000 ;
  775 17.100000 0.000000 ;
  776 17.200000 0.000000 ;
  777 17.300000 0.000000 ;
  778 17.400000 0.000000 ;
  779 17.500000 0.000000 ;
  780 17.600000 0.000000 ;
  781 17.700000 0.000000 ;
  782 17.800000 0.000000 ;
  783 17.900000 0.000000 ;
  784 18.000000 0.000000 ;
  785 18.100000 0.000000 ;
  786 18.200000 0.000000 ;
  787 18.300000 0.000000 ;
  788 18.400000 0.000000 ;
  789 18.500000 0.000000 ;
  790 18.600000 0.000000 ;
  791 18.700000 0.000000 ;
  792 18.800000 0.000000 ;
  793 18.900000 0.000000 ;
  794 19.000000 0.000000 ;
  795 19.100000 0.000000 ;
  796 19.200000 0.000000 ;
  797 19.300000 0.000000 ;
  798 19.400000 0.000000 ;
  799 19.500000 0.000000 ;
  800 19.600000 0.000000 ;
  801 19.700000 0.000000 ;
  802 19.800000 0.000000 ;
  803 19.900000 0.000000 ;
  804 20.000000 0.000000 ;
  805 0.000000 0.200000 ;
  806 0.100000 0.200000 ;
  807 0.200000 0.200000 ;
  808 0.300000 0.200000 ;
  809 0.400000 0.200000 ;
  810 0.500000 0.200000 ;
  811 0.600000 0.200000 ;
  812 0.700000 0.200000 ;
  813 0.800000 0.200000 ;
  814 0.900000 0.200000 ;
  815 1.000000 0.200000 ;
  816 1.100000 0.200000 ;
  817 1.200000 0.200000 ;
  818 1.300000 0.200000 ;
  819 1.400000 0.200000 ;
  820 1.500000 0.200000 ;
  821 1.600000 0.200000 ;
  822 1.700000 0.200000 ;
  823 1.800000 0.200000 ;
  824 1.900000 0.200000 ;
  825 2.000000 0.200000 ;
  826 2.100000 0.200000 ;
  827 2.200000 0.200000 ;
  828 2.300000 0.200000 ;
  829 2.400000 0.200000 ;
  830 2.500000 0.200000 ;
  831 2.600000 0.200000 ;
  832 2.700000 0.200000 ;
  833 2.800000 0.200000 ;
  834 2.900000 0.200000 ;
  835 3.000000 0.200000 ;
  836 3.100000 0.200000 ;
  837 3.200000 0.200000 ;
  838 3.300000 0.200000 ;
  839 3.400000 0.200000 ;
  840 3.500000 0.200000 ;
  841 3.600000 0.200000 ;
  842 3.700000 0.200000 ;
  843 3.800000 0.200000 ;
  844 3.900000 0.200000 ;
  845 4.000000 0.200000 ;
  846 4.100000 0.200000 ;
  847 4.200000 0.200000 ;
  848 4.300000 0.200000 ;
  849 4.400000 0.200000 ;
  850 4.500000 0.200000 ;
  851 4.600000 0.200000 ;
  852 4.700000 0.200000 ;
  853 4.800000 0.200000 ;
  854 4.900000 0.200000 ;
  855 5.000000 0.200000 ;
  856 5.100000 0.200000 ;
  857 5.200000 0.200000 ;
  858 5.300000 0.200000 ;
  859 5.400000 0.200000 ;
  860 5.500000 0.200000 ;
  861 5.600000 0.200000 ;
  862 5.700000 0.200000 ;
  863 5.800000 0.200000 ;
  864 5.900000 0.200000 ;
  865 6.000000 0.200000 ;
  866 6.100000 0.200000 ;
  867 6.200000 0.200000 ;
  868 6.300000 0.200000 ;
  869 6.400000 0.200000 ;
  870 6.500000 0.200000 ;
  871 6.600000 0.200000 ;
  872 6.700000 0.200000 ;
  873 6.800000 0.200000 ;
  874 6.900000 0.200000 ;
  875 7.000000 0.200000 ;
  876 7.100000 0.200000 ;
  877 7.200000 0.200000 ;
  878 7.300000 0.200000 ;
  879 7.400000 0.200000 ;
  880 7.500000 0.200000 ;
  881 7.600000 0.200000 ;
  882 7.700000 0.200000 ;
  883 7.800000 0.200000 ;
  884 7.900000 0.200000 ;
  885 8.000000 0.200000 ;
  886 8.100000 0.200000 ;
  887 8.200000 0.200000 ;
  888 8.300000 0.200000 ;
  889 8.400000 0.200000 ;
  890 8.500000 0.200000 ;
  891 8.600000 0.200000 ;
  892 8.700000 0.200000 ;
  893 8.800000 0.200000 ;
  894 8.900000 0.200000 ;
  895 9.000000 0.200000 ;
  896 9.100000 0.200000 ;
  897 9.200000 0.200000 ;
  898 9.300000 0.200000 ;
  899 9.400000 0.200000 ;
  900 9.500000 0.200000 ;
  901 9.600000 0.200000 ;
  902 9.700000 0.200000 ;
  903 9.800000 0.200000 ;
  904 9.900000 0.200000 ;
  905 10.000000 0.200000 ;
  906 10.100000 0.200000 ;
  907 10.200000 0.200000 ;
  908 10.300000 0.200000 ;
  909 10.400000 0.200000 ;
  910 10.500000 0.200000 ;
  911 10.600000 0.200000 ;
  912 10.700000 0.200000 ;
  913 10.800000 0.200000 ;
  914 10.900000 0.200000 ;
  915 11.000000 0.200000 ;
  916 11.100000 0.200000 ;
  917 11.200000 0.200000 ;
  918 11.300000 0.200000 ;
  919 11.400000 0.200000 ;
  920 11.500000 0.200000 ;
  921 11.600000 0.200000 ;
  922 11.700000 0.200000 ;
  923 11.800000 0.200000 ;
  924 11.900000 0.200000 ;
  925 12.000000 0.200000 ;
  926 12.100000 0.200000 ;
  927 12.200000 0.200000 ;
  928 12.300000 0.200000 ;
  929 12.400000 0.200000 ;
  930 12.500000 0.200000 ;
  931 12.600000 0.200000 ;
  932 12.700000 0.200000 ;
  933 12.800000 0.200000 ;
  934 12.900000 0.200000 ;
  935 13.000000 0.200000 ;
  936 13.100000 0.200000 ;
  937 13.200000 0.200000 ;
  938 13.300000 0.200000 ;
  939 13.400000 0.200000 ;
  940 13.500000 0.200000 ;
  941 13.600000 0.200000 ;
  942 13.700000 0.200000 ;
  943 13.800000 0.200000 ;
  944 13.900000 0.200000 ;
  945 14.000000 0.200000 ;
  946 14.100000 0.200000 ;
  947 14.200000 0.200000 ;
  948 14.300000 0.200000 ;
  949 14.400000 0.200000 ;
  950 14.500000 0.200000 ;
  951 14.600000 0.200000 ;
  952 14.700000 0.200000 ;
  953 14.800000 0.200000 ;
  954 14.900000 0.200000 ;
  955 15.000000 0.200000 ;
  956 15.100000 0.200000 ;
  957 15.200000 0.200000 ;
  958 15.300000 0.200000 ;
  959 15.400000 0.200000 ;
  960 15.500000 0.200000 ;
  961 15.600000 0.200000 ;
  962 15.700000 0.200000 ;
  963 15.800000 0.200000 ;
  964 15.900000 0.200000 ;
  965 16.000000 0.200000 ;
  966 16.100000 0.200000 ;
  967 16.200000 0.200000 ;
  968 16.300000 0.200000 ;
  969 16.400000 0.200000 ;
  970 16.500000 0.200000 ;
  971 16.600000 0.200000 ;
  972 16.700000 0.200000 ;
  973 16.800000 0.200000 ;
  974 16.900000 0.200000 ;
  975 17.000000 0.200000 ;
  976 17.100000 0.200000 ;
  977 17.200000 0.200000 ;
  978 17.300000 0.200000 ;
  979 17.400000 0.200000 ;
  980 17.500000 0.200000 ;
  981 17.600000 0.200000 ;
  982 17.700000 0.200000 ;
  983 17.800000 0.200000 ;
  984 17.900000 0.200000 ;
  985 18.000000 0.200000 ;
  986 18.100000 0.200000 ;
  987 18.200000 0.200000 ;
  988 18.300000 0.200000 ;
  989 18.400000 0.200000 ;
  990 18.500000 0.200000 ;
  991 18.600000 0.200000 ;
  992 18.700000 0.200000 ;
  993 18.800000 0.200000 ;
  994 18.900000 0.200000 ;
  995 19.000000 0.200000 ;
  996 19.100000 0.200000 ;
  997 19.200000 0.200000 ;
  998 19.300000 0.200000 ;
  999 19.400000 0.200000 ;
  1000 19.500000 0.200000 ;
  1001 19.600000 0.200000 ;
  1002 19.700000 0.200000 ;
  1003 19.800000 0.200000 ;
  1004 19.900000 0.200000 ;
  1005 20.000000 0.200000 ;
  1006 0.000000 0.400000 ;
  1007 0.100000 0.400000 ;
  1008 0.200000 0.400000 ;
  1009 0.300000 0.400000 ;
  1010 0.400000 0.400000 ;
  1011 0.500000 0.400000 ;
  1012 0.600000 0.400000 ;
  1013 0.700000 0.400000 ;
  1014 0.800000 0.400000 ;
  1015 0.900000 0.400000 ;
  1016 1.000000 0.400000 ;
  1017 1.100000 0.400000 ;
  1018 1.200000 0.400000 ;
  1019 1.300000 0.400000 ;
  1020 1.400000 0.400000 ;
  1021 1.500000 0.400000 ;
  1022 1.600000 0.400000 ;
  1023 1.700000 0.400000 ;
  1024 1.800000 0.400000 ;
  1025 1.900000 0.400000 ;
  1026 2.000000 0.400000 ;
  1027 2.100000 0.400000 ;
  1028 2.200000 0.400000 ;
  1029 2.300000 0.400000 ;
  1030 2.400000 0.400000 ;
  1031 2.500000 0.400000 ;
  1032 2.600000 0.400000 ;
  1033 2.700000 0.400000 ;
  1034 2.800000 0.400000 ;
  1035 2.900000 0.400000 ;
  1036 3.000000 0.400000 ;
  1037 3.100000 0.400000 ;
  1038 3.200000 0.400000 ;
  1039 3.300000 0.400000 ;
  1040 3.400000 0.400000 ;
  1041 3.500000 0.400000 ;
  1042 3.600000 0.400000 ;
  1043 3.700000 0.400000 ;
  1044 3.800000 0.400000 ;
  1045 3.900000 0.400000 ;
  1046 4.000000 0.400000 ;
  1047 4.100000 0.400000 ;
  1048 4.200000 0.400000 ;
  1049 4.300000 0.400000 ;
  1050 4.400000 0.400000 ;
  1051 4.500000 0.400000 ;
  1052 4.600000 0.400000 ;
  1053 4.700000 0.400000 ;
  1054 4.800000 0.400000 ;
  1055 4.900000 0.400000 ;
  1056 5.000000 0.400000 ;
  1057 5.100000 0.400000 ;
  1058 5.200000 0.400000 ;
  1059 5.300000 0.400000 ;
  1060 5.400000 0.400000 ;
  1061 5.500000 0.400000 ;
  1062 5.600000 0.400000 ;
  1063 5.700000 0.400000 ;
  1064 5.800000 0.400000 ;
  1065 5.900000 0.400000 ;
  1066 6.000000 0.400000 ;
  1067 6.100000 0.400000 ;
  1068 6.200000 0.400000 ;
  1069 6.300000 0.400000 ;
  1070 6.400000 0.400000 ;
  1071 6.500000 0.400000 ;
  1072 6.600000 0.400000 ;
  1073 6.700000 0.400000 ;
  1074 6.800000 0.400000 ;
  1075 6.900000 0.400000 ;
  1076 7.000000 0.400000 ;
  1077 7.100000 0.400000 ;
  1078 7.200000 0.400000 ;
  1079 7.300000 0.400000 ;
  1080 7.400000 0.400000 ;
  1081 7.500000 0.400000 ;
  1082 7.600000 0.400000 ;
  1083 7.700000 0.400000 ;
  1084 7.800000 0.400000 ;
  1085 7.900000 0.400000 ;
  1086 8.000000 0.400000 ;
  1087 8.100000 0.400000 ;
  1088 8.200000 0.400000 ;
  1089 8.300000 0.400000 ;
  1090 8.400000 0.400000 ;
  1091 8.500000 0.400000 ;
  1092 8.600000 0.400000 ;
  1093 8.700000 0.400000 ;
  1094 8.800000 0.400000 ;
  1095 8.900000 0.400000 ;
  1096 9.000000 0.400000 ;
  1097 9.100000 0.400000 ;
  1098 9.200000 0.400000 ;
  1099 9.300000 0.400000 ;
  1100 9.400000 0.400000 ;
  1101 9.500000 0.400000 ;
  1102 9.600000 0.400000 ;
  1103 9.700000 0.400000 ;
  1104 9.800000 0.400000 ;
  1105 9.900000 0.400000 ;
  1106 10.000000 0.400000 ;
  1107 10.100000 0.400000 ;
  1108 10.200000 0.400000 ;
  1109 10.300000 0.400000 ;
  1110 10.400000 0.400000 ;
  1111 10.500000 0.400000 ;
  1112 10.600000 0.400000 ;
  1113 10.700000 0.400000 ;
  1114 10.800000 0.400000 ;
  1115 10.900000 0.400000 ;
  1116 11.000000 0.400000 ;
  1117 11.100000 0.400000 ;
  1118 11.200000 0.400000 ;
  1119 11.300000 0.400000 ;
  1120 11.400000 0.400000 ;
  1121 11.500000 0.400000 ;
  1122 11.600000 0.400000 ;
  1123 11.700000 0.400000 ;
  1124 11.800000 0.400000 ;
  1125 11.900000 0.400000 ;
  1126 12.000000 0.400000 ;
  1127 12.100000 0.400000 ;
  1128 12.200000 0.400000 ;
  1129 12.300000 0.400000 ;
  1130 12.400000 0.400000 ;
  1131 12.500000 0.400000 ;
  1132 12.600000 0.400000 ;
  1133 12.700000 0.400000 ;
  1134 12.800000 0.400000 ;
  1135 12.900000 0.400000 ;
  1136 13.000000 0.400000 ;
  1137 13.100000 0.400000 ;
  1138 13.200000 0.400000 ;
  1139 13.300000 0.400000 ;
  1140 13.400000 0.400000 ;
  1141 13.500000 0.400000 ;
  1142 13.600000 0.400000 ;
  1143 13.700000 0.400000 ;
  1144 13.800000 0.400000 ;
  1145 13.900000 0.400000 ;
  1146 14.000000 0.400000 ;
  1147 14.100000 0.400000 ;
  1148 14.200000 0.400000 ;
  1149 14.300000 0.400000 ;
  1150 14.400000 0.400000 ;
  1151 14.500000 0.400000 ;
  1152 14.600000 0.400000 ;
  1153 14.700000 0.400000 ;
  1154 14.800000 0.400000 ;
  1155 14.900000 0.400000 ;
  1156 15.000000 0.400000 ;
  1157 15.100000 0.400000 ;
  1158 15.200000 0.400000 ;
  1159 15.300000 0.400000 ;
  1160 15.400000 0.400000 ;
  1161 15.500000 0.400000 ;
  1162 15.600000 0.400000 ;
  1163 15.700000 0.400000 ;
  1164 15.800000 0.400000 ;
  1165 15.900000 0.400000 ;
  1166 16.000000 0.400000 ;
  1167 16.100000 0.400000 ;
  1168 16.200000 0.400000 ;
  1169 16.300000 0.400000 ;
  1170 16.400000 0.400000 ;
  1171 16.500000 0.400000 ;
  1172 16.600000 0.400000 ;
  1173 16.700000 0.400000 ;
  1174 16.800000 0.400000 ;
  1175 16.900000 0.400000 ;
  1176 17.000000 0.400000 ;
  1177 17.100000 0.400000 ;
  1178 17.200000 0.400000 ;
  1179 17.300000 0.400000 ;
  1180 17.400000 0.400000 ;
  1181 17.500000 0.400000 ;
  1182 17.600000 0.400000 ;
  1183 17.700000 0.400000 ;
  1184 17.800000 0.400000 ;
  1185 17.900000 0.400000 ;
  1186 18.000000 0.400000 ;
  1187 18.100000 0.400000 ;
  1188 18.200000 0.400000 ;
  1189 18.300000 0.400000 ;
  1190 18.400000 0.400000 ;
  1191 18.500000 0.400000 ;
  1192 18.600000 0.400000 ;
  1193 18.700000 0.400000 ;
  1194 18.800000 0.400000 ;
  1195 18.900000 0.400000 ;
  1196 19.000000 0.400000 ;
  1197 19.100000 0.400000 ;
  1198 19.200000 0.400000 ;
  1199 19.300000 0.400000 ;
  1200 19.400000 0.400000 ;
  1201 19.500000 0.400000 ;
  1202 19.600000 0.400000 ;
  1203 19.700000 0.400000 ;
  1204 19.800000 0.400000 ;
  1205 19.900000 0.400000 ;
  1206 20.000000 0.400000 ;
</Nodes>

<Elements>
  1 'ContElem' 1 2 203 202 ;
  2 'ContElem' 2 3 204 203 ;
  3 'ContElem' 3 4 205 204 ;
  4 'ContElem' 4 5 206 205 ;
  5 'ContElem' 5 6 207 206 ;
  6 'ContElem' 6 7 208 207 ;
  7 'ContElem' 7 8 209 208 ;
  8 'ContElem' 8 9 210 209 ;
  9 'ContElem' 9 10 211 210 ;
  10 'ContElem' 10 11 212 211 ;
  11 'ContElem' 11 12 213 212 ;
  12 'ContElem' 12 13 214 213 ;
  13 'ContElem' 13 14 215 214 ;
  14 'ContElem' 14 15 216 215 ;
  15 'ContElem' 15 16 217 216 ;
  16 'ContElem' 16 17 218 217 ;
  17 'ContElem' 17 18 219 218 ;
  18 'ContElem' 18 19 220 219 ;
  19 'ContElem' 19 20 221 220 ;
  20 'ContElem' 20 21 222 221 ;
  21 'ContElem' 21 22 223 222 ;
  22 'ContElem' 22 23 224 223 ;
  23 'ContElem' 23 24 225 224 ;
  24 'ContElem' 24 25 226 225 ;
  25 'ContElem' 25 26 227 226 ;
  26 'ContElem' 26 27 228 227 ;
  27 'ContElem' 27 28 229 228 ;
  28 'ContElem' 28 29 230 229 ;
  29 'ContElem' 29 30 231 230 ;
  30 'ContElem' 30 31 232 231 ;
  31 'ContElem' 31 32 233 232 ;
  32 'ContElem' 32 33 234 233 ;
  33 'ContElem' 33 34 235 234 ;
  34 'ContElem' 34 35 236 235 ;
  35 'ContElem' 35 36 237 236 ;
  36 'ContElem' 36 37 238 237 ;
  37 'ContElem' 37 38 239 238 ;
  38 'ContElem' 38 39 240 239 ;
  39 'ContElem' 39 40 241 240 ;
  40 'ContElem' 40 41 242 241 ;
  41 'ContElem' 41 42 243 242 ;
  42 'ContElem' 42 43 244 243 ;
  43 'ContElem' 43 44 245 244 ;
  44 'ContElem' 44 45 246 245 ;
  45 'ContElem' 45 46 247 246 ;
  46 'ContElem' 46 47 248 247 ;
  47 'ContElem' 47 48 249 248 ;
  48 'ContElem' 48 49 250 249 ;
  49 'ContElem' 49 50 251 250 ;
  50 'ContElem' 50 51 252 251 ;
  51 'ContElem' 51 52 253 252 ;
  52 'ContElem' 52 53 254 253 ;
  53 'ContElem' 53 54 255 254 ;
  54 'ContElem' 54 55 256 255 ;
  55 'ContElem' 55 56 257 256 ;
  56 'ContElem' 56 57 258 257 ;
  57 'ContElem' 57 58 259 258 ;
  58 'ContElem' 58 59 260 259 ;
  59 'ContElem' 59 60 261 260 ;
  60 'ContElem' 60 61 262 261 ;
  61 'ContElem' 61 62 263 262 ;
  62 'ContElem' 62 63 264 263 ;
  63 'ContElem' 63 64 265 264 ;
  64 'ContElem' 64 65 266 265 ;
  65 'ContElem' 65 66 267 266 ;
  66 'ContElem' 66 67 268 267 ;
  67 'ContElem' 67 68 269 268 ;
  68 'ContElem' 68 69 270 269 ;
  69 'ContElem' 69 70 271 270 ;
  70 'ContElem' 70 71 272 271 ;
  71 'ContElem' 71 72 273 272 ;
  72 'ContElem' 72 73 274 273 ;
  73 'ContElem' 73 74 275 274 ;
  74 'ContElem' 74 75 276 275 ;
  75 'ContElem' 75 76 277 276 ;
  76 'ContElem' 76 77 278 277 ;
  77 'ContElem' 77 78 279 278 ;
  78 'ContElem' 78 79 280 279 ;
  79 'ContElem' 79 80 281 280 ;
  80 'ContElem' 80 81 282 281 ;
  81 'ContElem' 81 82 283 282 ;
  82 'ContElem' 82 83 284 283 ;
  83 'ContElem' 83 84 285 284 ;
  84 'ContElem' 84 85 286 285 ;
  85 'ContElem' 85 86 287 286 ;
  86 'ContElem' 86 87 288 287 ;
  87 'ContElem' 87 88 289 288 ;
  88 'ContElem' 88 89 290 289 ;
  89 'ContElem' 89 90 291 290 ;
  90 'ContElem' 90 91 292 291 ;
  91 'ContElem' 91 92 293 292 ;
  92 'ContElem' 92 93 294 293 ;
  93 'ContElem' 93 94 295 294 ;
  94 'ContElem' 94 95 296 295 ;
  95 'ContElem' 95 96 297 296 ;
  96 'ContElem' 96 97 298 297 ;
  97 'ContElem' 97 98 299 298 ;
  98 'ContElem' 98 99 300 299 ;
  99 'ContElem' 99 100 301 300 ;
  100 'ContElem' 100 101 302 301 ;
  101 'ContElem' 101 102 303 302 ;
  102 'ContElem' 102 103 304 303 ;
  103 'ContElem' 103 104 305 304 ;
  104 'ContElem' 104 105 306 305 ;
  105 'ContElem' 105 106 307 306 ;
  106 'ContElem' 106 107 308 307 ;
  107 'ContElem' 107 108 309 308 ;
  108 'ContElem' 108 109 310 309 ;
  109 'ContElem' 109 110 311 310 ;
  110 'ContElem' 110 111 312 311 ;
  111 'ContElem' 111 112 313 312 ;
  112 'ContElem' 112 113 314 313 ;
  113 'ContElem' 113 114 315 314 ;
  114 'ContElem' 114 115 316 315 ;
  115 'ContElem' 115 116 317 316 ;
  116 'ContElem' 116 117 318 317 ;
  117 'ContElem' 117 118 319 318 ;
  118 'ContElem' 118 119 320 319 ;
  119 'ContElem' 119 120 321 320 ;
  120 'ContElem' 120 121 322 321 ;
  121 'ContElem' 121 122 323 322 ;
  122 'ContElem' 122 123 324 323 ;
  123 'ContElem' 123 124 325 324 ;
  124 'ContElem' 124 125 326 325 ;
  125 'ContElem' 125 126 327 326 ;
  126 'ContElem' 126 127 328 327 ;
  127 'ContElem' 127 128 329 328 ;
  128 'ContElem' 128 129 330 329 ;
  129 'ContElem' 129 130 331 330 ;
  130 'ContElem' 130 131 332 331 ;
  131 'ContElem' 131 132 333 332 ;
  132 'ContElem' 132 133 334 333 ;
  133 'ContElem' 133 134 335 334 ;
  134 'ContElem' 134 135 336 335 ;
  135 'ContElem' 135 136 337 336 ;
  136 'ContElem' 136 137 338 337 ;
  137 'ContElem' 137 138 339 338 ;
  138 'ContElem' 138 139 340 339 ;
  139 'ContElem' 139 140 341 340 ;
  140 'ContElem' 140 141 342 341 ;
  141 'ContElem' 141 142 343 342 ;
  142 'ContElem' 142 143 344 343 ;
  143 'ContElem' 143 144 345 344 ;
  144 'ContElem' 144 145 346 345 ;
  145 'ContElem' 145 146 347 346 ;
  146 'ContElem' 146 147 348 347 ;
  147 'ContElem' 147 148 349 348 ;
  148 'ContElem' 148 149 350 349 ;
  149 'ContElem' 149 150 351 350 ;
  150 'ContElem' 150 151 352 351 ;
  151 'ContElem' 151 152 353 352 ;
  152 'ContElem' 152 153 354 353 ;
  153 'ContElem' 153 154 355 354 ;
  154 'ContElem' 154 155 356 355 ;
  155 'ContElem' 155 156 357 356 ;
  156 'ContElem' 156 157 358 357 ;
  157 'ContElem' 157 158 359 358 ;
  158 'ContElem' 158 159 360 359 ;
  159 'ContElem' 159 160 361 360 ;
  160 'ContElem' 160 161 362 361 ;
  161 'ContElem' 161 162 363 362 ;
  162 'ContElem' 162 163 364 363 ;
  163 'ContElem' 163 164 365 364 ;
  164 'ContElem' 164 165 366 365 ;
  165 'ContElem' 165 166 367 366 ;
  166 'ContElem' 166 167 368 367 ;
  167 'ContElem' 167 168 369 368 ;
  168 'ContElem' 168 169 370 369 ;
  169 'ContElem' 169 170 371 370 ;
  170 'ContElem' 170 171 372 371 ;
  171 'ContElem' 171 172 373 372 ;
  172 'ContElem' 172 173 374 373 ;
  173 'ContElem' 173 174 375 374 ;
  174 'ContElem' 174 175 376 375 ;
  175 'ContElem' 175 176 377 376 ;
  176 'ContElem' 176 177 378 377 ;
  177 'ContElem' 177 178 379 378 ;
  178 'ContElem' 178 179 380 379 ;
  179 'ContElem' 179 180 381 380 ;
  180 'ContElem' 180 181 382 381 ;
  181 'ContElem' 181 182 383 382 ;
  182 'ContElem' 182 183 384 383 ;
  183 'ContElem' 183 184 385 384 ;
  184 'ContElem' 184 185 386 385 ;
  185 'ContElem' 185 186 387 386 ;
  186 'ContElem' 186 187 388 387 ;
  187 'ContElem' 187 188 389 388 ;
  188 'ContElem' 188 189 390 389 ;
  189 'ContElem' 189 190 391 390 ;
  190 'ContElem' 190 191 392 391 ;
  191 'ContElem' 191 192 393 392 ;
  192 'ContElem' 192 193 394 393 ;
  193 'ContElem' 193 194 395 394 ;
  194 'ContElem' 194 195 396 395 ;
  195 'ContElem' 195 196 397 396 ;
  196 'ContElem' 196 197 398 397 ;
  197 'ContElem' 197 198 399 398 ;
  198 'ContElem' 198 199 400 399 ;
  199 'ContElem' 199 200 401 400 ;
  200 'ContElem' 200 201 402 401 ;
  201 'ContElem' 202 203 404 403 ;
  202 'ContElem' 203 204 405 404 ;
  203 'ContElem' 204 205 406 405 ;
  204 'ContElem' 205 206 407 406 ;
  205 'ContElem' 206 207 408 407 ;
  206 'ContElem' 207 208 409 408 ;
  207 'ContElem' 208 209 410 409 ;
  208 'ContElem' 209 210 411 410 ;
  209 'ContElem' 210 211 412 411 ;
  210 'ContElem' 211 212 413 412 ;
  211 'ContElem' 212 213 414 413 ;
  212 'ContElem' 213 214 415 414 ;
  213 'ContElem' 214 215 416 415 ;
  214 'ContElem' 215 216 417 416 ;
  215 'ContElem' 216 217 418 417 ;
  216 'ContElem' 217 218 419 418 ;
  217 'ContElem' 218 219 420 419 ;
  218 'ContElem' 219 220 421 420 ;
  219 'ContElem' 220 221 422 421 ;
  220 'ContElem' 221 222 423 422 ;
  221 'ContElem' 222 223 424 423 ;
  222 'ContElem' 223 224 425 424 ;
  223 'ContElem' 224 225 426 425 ;
  224 'ContElem' 225 226 427 426 ;
  225 'ContElem' 226 227 428 427 ;
  226 'ContElem' 227 228 429 428 ;
  227 'ContElem' 228 229 430 429 ;
  228 'ContElem' 229 230 431 430 ;
  229 'ContElem' 230 231 432 431 ;
  230 'ContElem' 231 232 433 432 ;
  231 'ContElem' 232 233 434 433 ;
  232 'ContElem' 233 234 435 434 ;
  233 'ContElem' 234 235 436 435 ;
  234 'ContElem' 235 236 437 436 ;
  235 'ContElem' 236 237 438 437 ;
  236 'ContElem' 237 238 439 438 ;
  237 'ContElem' 238 239 440 439 ;
  238 'ContElem' 239 240 441 440 ;
  239 'ContElem' 240 241 442 441 ;
  240 'ContElem' 241 242 443 442 ;
  241 'ContElem' 242 243 444 443 ;
  242 'ContElem' 243 244 445 444 ;
  243 'ContElem' 244 245 446 445 ;
  244 'ContElem' 245 246 447 446 ;
  245 'ContElem' 246 247 448 447 ;
  246 'ContElem' 247 248 449 448 ;
  247 'ContElem' 248 249 450 449 ;
  248 'ContElem' 249 250 451 450 ;
  249 'ContElem' 250 251 452 451 ;
  250 'ContElem' 251 252 453 452 ;
  251 'ContElem' 252 253 454 453 ;
  252 'ContElem' 253 254 455 454 ;
  253 'ContElem' 254 255 456 455 ;
  254 'ContElem' 255 256 457 456 ;
  255 'ContElem' 256 257 458 457 ;
  256 'ContElem' 257 258 459 458 ;
  257 'ContElem' 258 259 460 459 ;
  258 'ContElem' 259 260 461 460 ;
  259 'ContElem' 260 261 462 461 ;
  260 'ContElem' 261 262 463 462 ;
  261 'ContElem' 262 263 464 463 ;
  262 'ContElem' 263 264 465 464 ;
  263 'ContElem' 264 265 466 465 ;
  264 'ContElem' 265 266 467 466 ;
  265 'ContElem' 266 267 468 467 ;
  266 'ContElem' 267 268 469 468 ;
  267 'ContElem' 268 269 470 469 ;
  268 'ContElem' 269 270 471 470 ;
  269 'ContElem' 270 271 472 471 ;
  270 'ContElem' 271 272 473 472 ;
  271 'ContElem' 272 273 474 473 ;
  272 'ContElem' 273 274 475 474 ;
  273 'ContElem' 274 275 476 475 ;
  274 'ContElem' 275 276 477 476 ;
  275 'ContElem' 276 277 478 477 ;
  276 'ContElem' 277 278 479 478 ;
  277 'ContElem' 278 279 480 479 ;
  278 'ContElem' 279 280 481 480 ;
  279 'ContElem' 280 281 482 481 ;
  280 'ContElem' 281 282 483 482 ;
  281 'ContElem' 282 283 484 483 ;
  282 'ContElem' 283 284 485 484 ;
  283 'ContElem' 284 285 486 485 ;
  284 'ContElem' 285 286 487 486 ;
  285 'ContElem' 286 287 488 487 ;
  286 'ContElem' 287 288 489 488 ;
  287 'ContElem' 288 289 490 489 ;
  288 'ContElem' 289 290 491 490 ;
  289 'ContElem' 290 291 492 491 ;
  290 'ContElem' 291 292 493 492 ;
  291 'ContElem' 292 293 494 493 ;
  292 'ContElem' 293 294 495 494 ;
  293 'ContElem' 294 295 496 495 ;
  294 'ContElem' 295 296 497 496 ;
  295 'ContElem' 296 297 498 497 ;
  296 'ContElem' 297 298 499 498 ;
  297 'ContElem' 298 299 500 499 ;
  298 'ContElem' 299 300 501 500 ;
  299 'ContElem' 300 301 502 501 ;
  300 'ContElem' 301 302 503 502 ;
  301 'ContElem' 302 303 504 503 ;
  302 'ContElem' 303 304 505 504 ;
  303 'ContElem' 304 305 506 505 ;
  304 'ContElem' 305 306 507 506 ;
  305 'ContElem' 306 307 508 507 ;
  306 'ContElem' 307 308 509 508 ;
  307 'ContElem' 308 309 510 509 ;
  308 'ContElem' 309 310 511 510 ;
  309 'ContElem' 310 311 512 511 ;
  310 'ContElem' 311 312 513 512 ;
  311 'ContElem' 312 313 514 513 ;
  312 'ContElem' 313 314 515 514 ;
  313 'ContElem' 314 315 516 515 ;
  314 'ContElem' 315 316 517 516 ;
  315 'ContElem' 316 317 518 517 ;
  316 'ContElem' 317 318 519 518 ;
  317 'ContElem' 318 319 520 519 ;
  318 'ContElem' 319 320 521 520 ;
  319 'ContElem' 320 321 522 521 ;
  320 'ContElem' 321 322 523 522 ;
  321 'ContElem' 322 323 524 523 ;
  322 'ContElem' 323 324 525 524 ;
  323 'ContElem' 324 325 526 525 ;
  324 'ContElem' 325 326 527 526 ;
  325 'ContElem' 326 327 528 527 ;
  326 'ContElem' 327 328 529 528 ;
  327 'ContElem' 328 329 530 529 ;
  328 'ContElem' 329 330 531 530 ;
  329 'ContElem' 330 331 532 531 ;
  330 'ContElem' 331 332 533 532 ;
  331 'ContElem' 332 333 534 533 ;
  332 'ContElem' 333 334 535 534 ;
  333 'ContElem' 334 335 536 535 ;
  334 'ContElem' 335 336 537 536 ;
  335 'ContElem' 336 337 538 537 ;
  336 'ContElem' 337 338 539 538 ;
  337 'ContElem' 338 339 540 539 ;
  338 'ContElem' 339 340 541 540 ;
  339 'ContElem' 340 341 542 541 ;
  340 'ContElem' 341 342 543 542 ;
  341 'ContElem' 342 343 544 543 ;
  342 'ContElem' 343 344 545 544 ;
  343 'ContElem' 344 345 546 545 ;
  344 'ContElem' 345 346 547 546 ;
  345 'ContElem' 346 347 548 547 ;
  346 'ContElem' 347 348 549 548 ;
  347 'ContElem' 348 349 550 549 ;
  348 'ContElem' 349 350 551 550 ;
  349 'ContElem' 350 351 552 551 ;
  350 'ContElem' 351 352 553 552 ;
  351 'ContElem' 352 353 554 553 ;
  352 'ContElem' 353 354 555 554 ;
  353 'ContElem' 354 355 556 555 ;
  354 'ContElem' 355 356 557 556 ;
  355 'ContElem' 356 357 558 557 ;
  356 'ContElem' 357 358 559 558 ;
  357 'ContElem' 358 359 560 559 ;
  358 'ContElem' 359 360 561 560 ;
  359 'ContElem' 360 361 562 561 ;
  360 'ContElem' 361 362 563 562 ;
  361 'ContElem' 362 363 564 563 ;
  362 'ContElem' 363 364 565 564 ;
  363 'ContElem' 364 365 566 565 ;
  364 'ContElem' 365 366 567 566 ;
  365 'ContElem' 366 367 568 567 ;
  366 'ContElem' 367 368 569 568 ;
  367 'ContElem' 368 369 570 569 ;
  368 'ContElem' 369 370 571 570 ;
  369 'ContElem' 370 371 572 571 ;
  370 'ContElem' 371 372 573 572 ;
  371 'ContElem' 372 373 574 573 ;
  372 'ContElem' 373 374 575 574 ;
  373 'ContElem' 374 375 576 575 ;
  374 'ContElem' 375 376 577 576 ;
  375 'ContElem' 376 377 578 577 ;
  376 'ContElem' 377 378 579 578 ;
  377 'ContElem' 378 379 580 579 ;
  378 'ContElem' 379 380 581 580 ;
  379 'ContElem' 380 381 582 581 ;
  380 'ContElem' 381 382 583 582 ;
  381 'ContElem' 382 383 584 583 ;
  382 'ContElem' 383 384 585 584 ;
  383 'ContElem' 384 385 586 585 ;
  384 'ContElem' 385 386 587 586 ;
  385 'ContElem' 386 387 588 587 ;
  386 'ContElem' 387 388 589 588 ;
  387 'ContElem' 388 389 590 589 ;
  388 'ContElem' 389 390 591 590 ;
  389 'ContElem' 390 391 592 591 ;
  390 'ContElem' 391 392 593 592 ;
  391 'ContElem' 392 393 594 593 ;
  392 'ContElem' 393 394 595 594 ;
  393 'ContElem' 394 395 596 595 ;
  394 'ContElem' 395 396 597 596 ;
  395 'ContElem' 396 397 598 597 ;
  396 'ContElem' 397 398 599 598 ;
  397 'ContElem' 398 399 600 599 ;
  398 'ContElem' 399 400 601 600 ;
  399 'ContElem' 400 401 602 601 ;
  400 'ContElem' 401 402 603 602 ;
  401 'ContElem' 604 605 806 805 ;
  402 'ContElem' 605 606 807 806 ;
  403 'ContElem' 606 607 808 807 ;
  404 'ContElem' 607 608 809 808 ;
  405 'ContElem' 608 609 810 809 ;
  406 'ContElem' 609 610 811 810 ;
  407 'ContElem' 610 611 812 811 ;
  408 'ContElem' 611 612 813 812 ;
  409 'ContElem' 612 613 814 813 ;
  410 'ContElem' 613 614 815 814 ;
  411 'ContElem' 614 615 816 815 ;
  412 'ContElem' 615 616 817 816 ;
  413 'ContElem' 616 617 818 817 ;
  414 'ContElem' 617 618 819 818 ;
  415 'ContElem' 618 619 820 819 ;
  416 'ContElem' 619 620 821 820 ;
  417 'ContElem' 620 621 822 821 ;
  418 'ContElem' 621 622 823 822 ;
  419 'ContElem' 622 623 824 823 ;
  420 'ContElem' 623 624 825 824 ;
  421 'ContElem' 624 625 826 825 ;
  422 'ContElem' 625 626 827 826 ;
  423 'ContElem' 626 627 828 827 ;
  424 'ContElem' 627 628 829 828 ;
  425 'ContElem' 628 629 830 829 ;
  426 'ContElem' 629 630 831 830 ;
  427 'ContElem' 630 631 832 831 ;
  428 'ContElem' 631 632 833 832 ;
  429 'ContElem' 632 633 834 833 ;
  430 'ContElem' 633 634 835 834 ;
  431 'ContElem' 634 635 836 835 ;
  432 'ContElem' 635 636 837 836 ;
  433 'ContElem' 636 637 838 837 ;
  434 'ContElem' 637 638 839 838 ;
  435 'ContElem' 638 639 840 839 ;
  436 'ContElem' 639 640 841 840 ;
  437 'ContElem' 640 641 842 841 ;
  438 'ContElem' 641 642 843 842 ;
  439 'ContElem' 642 643 844 843 ;
  440 'ContElem' 643 644 845 844 ;
  441 'ContElem' 644 645 846 845 ;
  442 'ContElem' 645 646 847 846 ;
  443 'ContElem' 646 647 848 847 ;
  444 'ContElem' 647 648 849 848 ;
  445 'ContElem' 648 649 850 849 ;
  446 'ContElem' 649 650 851 850 ;
  447 'ContElem' 650 651 852 851 ;
  448 'ContElem' 651 652 853 852 ;
  449 'ContElem' 652 653 854 853 ;
  450 'ContElem' 653 654 855 854 ;
  451 'ContElem' 654 655 856 855 ;
  452 'ContElem' 655 656 857 856 ;
  453 'ContElem' 656 657 858 857 ;
  454 'ContElem' 657 658 859 858 ;
  455 'ContElem' 658 659 860 859 ;
  456 'ContElem' 659 660 861 860 ;
  457 'ContElem' 660 661 862 861 ;
  458 'ContElem' 661 662 863 862 ;
  459 'ContElem' 662 663 864 863 ;
  460 'ContElem' 663 664 865 864 ;
  461 'ContElem' 664 665 866 865 ;
  462 'ContElem' 665 666 867 866 ;
  463 'ContElem' 666 667 868 867 ;
  464 'ContElem' 667 668 869 868 ;
  465 'ContElem' 668 669 870 869 ;
  466 'ContElem' 669 670 871 870 ;
  467 'ContElem' 670 671 872 871 ;
  468 'ContElem' 671 672 873 872 ;
  469 'ContElem' 672 673 874 873 ;
  470 'ContElem' 673 674 875 874 ;
  471 'ContElem' 674 675 876 875 ;
  472 'ContElem' 675 676 877 876 ;
  473 'ContElem' 676 677 878 877 ;
  474 'ContElem' 677 678 879 878 ;
  475 'ContElem' 678 679 880 879 ;
  476 'ContElem' 679 680 881 880 ;
  477 'ContElem' 680 681 882 881 ;
  478 'ContElem' 681 682 883 882 ;
  479 'ContElem' 682 683 884 883 ;
  480 'ContElem' 683 684 885 884 ;
  481 'ContElem' 684 685 886 885 ;
  482 'ContElem' 685 686 887 886 ;
  483 'ContElem' 686 687 888 887 ;
  484 'ContElem' 687 688 889 888 ;
  485 'ContElem' 688 689 890 889 ;
  486 'ContElem' 689 690 891 890 ;
  487 'ContElem' 690 691 892 891 ;
  488 'ContElem' 691 692 893 892 ;
  489 'ContElem' 692 693 894 893 ;
  490 'ContElem' 693 694 895 894 ;
  491 'ContElem' 694 695 896 895 ;
  492 'ContElem' 695 696 897 896 ;
  493 'ContElem' 696 697 898 897 ;
  494 'ContElem' 697 698 899 898 ;
  495 'ContElem' 698 699 900 899 ;
  496 'ContElem' 699 700 901 900 ;
  497 'ContElem' 700 701 902 901 ;
  498 'ContElem' 701 702 903 902 ;
  499 'ContElem' 702 703 904 903 ;
  500 'ContElem' 703 704 905 904 ;
  501 'ContElem' 704 705 906 905 ;
  502 'ContElem' 705 706 907 906 ;
  503 'ContElem' 706 707 908 907 ;
  504 'ContElem' 707 708 909 908 ;
  505 'ContElem' 708 709 910 909 ;
  506 'ContElem' 709 710 911 910 ;
  507 'ContElem' 710 711 912 911 ;
  508 'ContElem' 711 712 913 912 ;
  509 'ContElem' 712 713 914 913 ;
  510 'ContElem' 713 714 915 914 ;
  511 'ContElem' 714 715 916 915 ;
  512 'ContElem' 715 716 917 916 ;
  513 'ContElem' 716 717 918 917 ;
  514 'ContElem' 717 718 919 918 ;
  515 'ContElem' 718 719 920 919 ;
  516 'ContElem' 719 720 921 920 ;
  517 'ContElem' 720 721 922 921 ;
  518 'ContElem' 721 722 923 922 ;
  519 'ContElem' 722 723 924 923 ;
  520 'ContElem' 723 724 925 924 ;
  521 'ContElem' 724 725 926 925 ;
  522 'ContElem' 725 726 927 926 ;
  523 'ContElem' 726 727 928 927 ;
  524 'ContElem' 727 728 929 928 ;
  525 'ContElem' 728 729 930 929 ;
  526 'ContElem' 729 730 931 930 ;
  527 'ContElem' 730 731 932 931 ;
  528 'ContElem' 731 732 933 932 ;
  529 'ContElem' 732 733 934 933 ;
  530 'ContElem' 733 734 935 934 ;
  531 'ContElem' 734 735 936 935 ;
  532 'ContElem' 735 736 937 936 ;
  533 'ContElem' 736 737 938 937 ;
  534 'ContElem' 737 738 939 938 ;
  535 'ContElem' 738 739 940 939 ;
  536 'ContElem' 739 740 941 940 ;
  537 'ContElem' 740 741 942 941 ;
  538 'ContElem' 741 742 943 942 ;
  539 'ContElem' 742 743 944 943 ;
  540 'ContElem' 743 744 945 944 ;
  541 'ContElem' 744 745 946 945 ;
  542 'ContElem' 745 746 947 946 ;
  543 'ContElem' 746 747 948 947 ;
  544 'ContElem' 747 748 949 948 ;
  545 'ContElem' 748 749 950 949 ;
  546 'ContElem' 749 750 951 950 ;
  547 'ContElem' 750 751 952 951 ;
  548 'ContElem' 751 752 953 952 ;
  549 'ContElem' 752 753 954 953 ;
  550 'ContElem' 753 754 955 954 ;
  551 'ContElem' 754 755 956 955 ;
  552 'ContElem' 755 756 957 956 ;
  553 'ContElem' 756 757 958 957 ;
  554 'ContElem' 757 758 959 958 ;
  555 'ContElem' 758 759 960 959 ;
  556 'ContElem' 759 760 961 960 ;
  557 'ContElem' 760 761 962 961 ;
  558 'ContElem' 761 762 963 962 ;
  559 'ContElem' 762 763 964 963 ;
  560 'ContElem' 763 764 965 964 ;
  561 'ContElem' 764 765 966 965 ;
  562 'ContElem' 765 766 967 966 ;
  563 'ContElem' 766 767 968 967 ;
  564 'ContElem' 767 768 969 968 ;
  565 'ContElem' 768 769 970 969 ;
  566 'ContElem' 769 770 971 970 ;
  567 'ContElem' 770 771 972 971 ;
  568 'ContElem' 771 772 973 972 ;
  569 'ContElem' 772 773 974 973 ;
  570 'ContElem' 773 774 975 974 ;
  571 'ContElem' 774 775 976 975 ;
  572 'ContElem' 775 776 977 976 ;
  573 'ContElem' 776 777 978 977 ;
  574 'ContElem' 777 778 979 978 ;
  575 'ContElem' 778 779 980 979 ;
  576 'ContElem' 779 780 981 980 ;
  577 'ContElem' 780 781 982 981 ;
  578 'ContElem' 781 782 983 982 ;
  579 'ContElem' 782 783 984 983 ;
  580 'ContElem' 783 784 985 984 ;
  581 'ContElem' 784 785 986 985 ;
  582 'ContElem' 785 786 987 986 ;
  583 'ContElem' 786 787 988 987 ;
  584 'ContElem' 787 788 989 988 ;
  585 'ContElem' 788 789 990 989 ;
  586 'ContElem' 789 790 991 990 ;
  587 'ContElem' 790 791 992 991 ;
  588 'ContElem' 791 792 993 992 ;
  589 'ContElem' 792 793 994 993 ;
  590 'ContElem' 793 794 995 994 ;
  591 'ContElem' 794 795 996 995 ;
  592 'ContElem' 795 796 997 996 ;
  593 'ContElem' 796 797 998 997 ;
  594 'ContElem' 797 798 999 998 ;
  595 'ContElem' 798 799 1000 999 ;
  596 'ContElem' 799 800 1001 1000 ;
  597 'ContElem' 800 801 1002 1001 ;
  598 'ContElem' 801 802 1003 1002 ;
  599 'ContElem' 802 803 1004 1003 ;
  600 'ContElem' 803 804 1005 1004 ;
  601 'ContElem' 805 806 1007 1006 ;
  602 'ContElem' 806 807 1008 1007 ;
  603 'ContElem' 807 808 1009 1008 ;
  604 'ContElem' 808 809 1010 1009 ;
  605 'ContElem' 809 810 1011 1010 ;
  606 'ContElem' 810 811 1012 1011 ;
  607 'ContElem' 811 812 1013 1012 ;
  608 'ContElem' 812 813 1014 1013 ;
  609 'ContElem' 813 814 1015 1014 ;
  610 'ContElem' 814 815 1016 1015 ;
  611 'ContElem' 815 816 1017 1016 ;
  612 'ContElem' 816 817 1018 1017 ;
  613 'ContElem' 817 818 1019 1018 ;
  614 'ContElem' 818 819 1020 1019 ;
  615 'ContElem' 819 820 1021 1020 ;
  616 'ContElem' 820 821 1022 1021 ;
  617 'ContElem' 821 822 1023 1022 ;
  618 'ContElem' 822 823 1024 1023 ;
  619 'ContElem' 823 824 1025 1024 ;
  620 'ContElem' 824 825 1026 1025 ;
  621 'ContElem' 825 826 1027 1026 ;
  622 'ContElem' 826 827 1028 1027 ;
  623 'ContElem' 827 828 1029 1028 ;
  624 'ContElem' 828 829 1030 1029 ;
  625 'ContElem' 829 830 1031 1030 ;
  626 'ContElem' 830 831 1032 1031 ;
  627 'ContElem' 831 832 1033 1032 ;
  628 'ContElem' 832 833 1034 1033 ;
  629 'ContElem' 833 834 1035 1034 ;
  630 'ContElem' 834 835 1036 1035 ;
  631 'ContElem' 835 836 1037 1036 ;
  632 'ContElem' 836 837 1038 1037 ;
  633 'ContElem' 837 838 1039 1038 ;
  634 'ContElem' 838 839 1040 1039 ;
  635 'ContElem' 839 840 1041 1040 ;
  636 'ContElem' 840 841 1042 1041 ;
  637 'ContElem' 841 842 1043 1042 ;
  638 'ContElem' 842 843 1044 1043 ;
  639 'ContElem' 843 844 1045 1044 ;
  640 'ContElem' 844 845 1046 1045 ;
  641 'ContElem' 845 846 1047 1046 ;
  642 'ContElem' 846 847 1048 1047 ;
  643 'ContElem' 847 848 1049 1048 ;
  644 'ContElem' 848 849 1050 1049 ;
  645 'ContElem' 849 850 1051 1050 ;
  646 'ContElem' 850 851 1052 1051 ;
  647 'ContElem' 851 852 1053 1052 ;
  648 'ContElem' 852 853 1054 1053 ;
  649 'ContElem' 853 854 1055 1054 ;
  650 'ContElem' 854 855 1056 1055 ;
  651 'ContElem' 855 856 1057 1056 ;
  652 'ContElem' 856 857 1058 1057 ;
  653 'ContElem' 857 858 1059 1058 ;
  654 'ContElem' 858 859 1060 1059 ;
  655 'ContElem' 859 860 1061 1060 ;
  656 'ContElem' 860 861 1062 1061 ;
  657 'ContElem' 861 862 1063 1062 ;
  658 'ContElem' 862 863 1064 1063 ;
  659 'ContElem' 863 864 1065 1064 ;
  660 'ContElem' 864 865 1066 1065 ;
  661 'ContElem' 865 866 1067 1066 ;
  662 'ContElem' 866 867 1068 1067 ;
  663 'ContElem' 867 868 1069 1068 ;
  664 'ContElem' 868 869 1070 1069 ;
  665 'ContElem' 869 870 1071 1070 ;
  666 'ContElem' 870 871 1072 1071 ;
  667 'ContElem' 871 872 1073 1072 ;
  668 'ContElem' 872 873 1074 1073 ;
  669 'ContElem' 873 874 1075 1074 ;
  670 'ContElem' 874 875 1076 1075 ;
  671 'ContElem' 875 876 1077 1076 ;
  672 'ContElem' 876 877 1078 1077 ;
  673 'ContElem' 877 878 1079 1078 ;
  674 'ContElem' 878 879 1080 1079 ;
  675 'ContElem' 879 880 1081 1080 ;
  676 'ContElem' 880 881 1082 1081 ;
  677 'ContElem' 881 882 1083 1082 ;
  678 'ContElem' 882 883 1084 1083 ;
  679 'ContElem' 883 884 1085 1084 ;
  680 'ContElem' 884 885 1086 1085 ;
  681 'ContElem' 885 886 1087 1086 ;
  682 'ContElem' 886 887 1088 1087 ;
  683 'ContElem' 887 888 1089 1088 ;
  684 'ContElem' 888 889 1090 1089 ;
  685 'ContElem' 889 890 1091 1090 ;
  686 'ContElem' 890 891 1092 1091 ;
  687 'ContElem' 891 892 1093 1092 ;
  688 'ContElem' 892 893 1094 1093 ;
  689 'ContElem' 893 894 1095 1094 ;
  690 'ContElem' 894 895 1096 1095 ;
  691 'ContElem' 895 896 1097 1096 ;
  692 'ContElem' 896 897 1098 1097 ;
  693 'ContElem' 897 898 1099 1098 ;
  694 'ContElem' 898 899 1100 1099 ;
  695 'ContElem' 899 900 1101 1100 ;
  696 'ContElem' 900 901 1102 1101 ;
  697 'ContElem' 901 902 1103 1102 ;
  698 'ContElem' 902 903 1104 1103 ;
  699 'ContElem' 903 904 1105 1104 ;
  700 'ContElem' 904 905 1106 1105 ;
  701 'ContElem' 905 906 1107 1106 ;
  702 'ContElem' 906 907 1108 1107 ;
  703 'ContElem' 907 908 1109 1108 ;
  704 'ContElem' 908 909 1110 1109 ;
  705 'ContElem' 909 910 1111 1110 ;
  706 'ContElem' 910 911 1112 1111 ;
  707 'ContElem' 911 912 1113 1112 ;
  708 'ContElem' 912 913 1114 1113 ;
  709 'ContElem' 913 914 1115 1114 ;
  710 'ContElem' 914 915 1116 1115 ;
  711 'ContElem' 915 916 1117 1116 ;
  712 'ContElem' 916 917 1118 1117 ;
  713 'ContElem' 917 918 1119 1118 ;
  714 'ContElem' 918 919 1120 1119 ;
  715 'ContElem' 919 920 1121 1120 ;
  716 'ContElem' 920 921 1122 1121 ;
  717 'ContElem' 921 922 1123 1122 ;
  718 'ContElem' 922 923 1124 1123 ;
  719 'ContElem' 923 924 1125 1124 ;
  720 'ContElem' 924 925 1126 1125 ;
  721 'ContElem' 925 926 1127 1126 ;
  722 'ContElem' 926 927 1128 1127 ;
  723 'ContElem' 927 928 1129 1128 ;
  724 'ContElem' 928 929 1130 1129 ;
  725 'ContElem' 929 930 1131 1130 ;
  726 'ContElem' 930 931 1132 1131 ;
  727 'ContElem' 931 932 1133 1132 ;
  728 'ContElem' 932 933 1134 1133 ;
  729 'ContElem' 933 934 1135 1134 ;
  730 'ContElem' 934 935 1136 1135 ;
  731 'ContElem' 935 936 1137 1136 ;
  732 'ContElem' 936 937 1138 1137 ;
  733 'ContElem' 937 938 1139 1138 ;
  734 'ContElem' 938 939 1140 1139 ;
  735 'ContElem' 939 940 1141 1140 ;
  736 'ContElem' 940 941 1142 1141 ;
  737 'ContElem' 941 942 1143 1142 ;
  738 'ContElem' 942 943 1144 1143 ;
  739 'ContElem' 943 944 1145 1144 ;
  740 'ContElem' 944 945 1146 1145 ;
  741 'ContElem' 945 946 1147 1146 ;
  742 'ContElem' 946 947 1148 1147 ;
  743 'ContElem' 947 948 1149 1148 ;
  744 'ContElem' 948 949 1150 1149 ;
  745 'ContElem' 949 950 1151 1150 ;
  746 'ContElem' 950 951 1152 1151 ;
  747 'ContElem' 951 952 1153 1152 ;
  748 'ContElem' 952 953 1154 1153 ;
  749 'ContElem' 953 954 1155 1154 ;
  750 'ContElem' 954 955 1156 1155 ;
  751 'ContElem' 955 956 1157 1156 ;
  752 'ContElem' 956 957 1158 1157 ;
  753 'ContElem' 957 958 1159 1158 ;
  754 'ContElem' 958 959 1160 1159 ;
  755 'ContElem' 959 960 1161 1160 ;
  756 'ContElem' 960 961 1162 1161 ;
  757 'ContElem' 961 962 1163 1162 ;
  758 'ContElem' 962 963 1164 1163 ;
  759 'ContElem' 963 964 1165 1164 ;
  760 'ContElem' 964 965 1166 1165 ;
  761 'ContElem' 965 966 1167 1166 ;
  762 'ContElem' 966 967 1168 1167 ;
  763 'ContElem' 967 968 1169 1168 ;
  764 'ContElem' 968 969 1170 1169 ;
  765 'ContElem' 969 970 1171 1170 ;
  766 'ContElem' 970 971 1172 1171 ;
  767 'ContElem' 971 972 1173 1172 ;
  768 'ContElem' 972 973 1174 1173 ;
  769 'ContElem' 973 974 1175 1174 ;
  770 'ContElem' 974 975 1176 1175 ;
  771 'ContElem' 975 976 1177 1176 ;
  772 'ContElem' 976 977 1178 1177 ;
  773 'ContElem' 977 978 1179 1178 ;
  774 'ContElem' 978 979 1180 1179 ;
  775 'ContElem' 979 980 1181 1180 ;
  776 'ContElem' 980 981 1182 1181 ;
  777 'ContElem' 981 982 1183 1182 ;
  778 'ContElem' 982 983 1184 1183 ;
  779 'ContElem' 983 984 1185 1184 ;
  780 'ContElem' 984 985 1186 1185 ;
  781 'ContElem' 985 986 1187 1186 ;
  782 'ContElem' 986 987 1188 1187 ;
  783 'ContElem' 987 988 1189 1188 ;
  784 'ContElem' 988 989 1190 1189 ;
  785 'ContElem' 989 990 1191 1190 ;
  786 'ContElem' 990 991 1192 1191 ;
  787 'ContElem' 991 992 1193 1192 ;
  788 'ContElem' 992 993 1194 1193 ;
  789 'ContElem' 993 994 1195 1194 ;
  790 'ContElem' 994 995 1196 1195 ;
  791 'ContElem' 995 996 1197 1196 ;
  792 'ContElem' 996 997 1198 1197 ;
  793 'ContElem' 997 998 1199 1198 ;
  794 'ContElem' 998 999 1200 1199 ;
  795 'ContElem' 999 1000 1201 1200 ;
  796 'ContElem' 1000 1001 1202 1201 ;
  797 'ContElem' 1001 1002 1203 1202 ;
  798 'ContElem' 1002 1003 1204 1203 ;
  799 'ContElem' 1003 1004 1205 1204 ;
  800 'ContElem' 1004 1005 1206 1205 ;
  801 'InterfaceElem' 403 404 604 605 ;
  802 'InterfaceElem' 404 405 605 606 ;
  803 'InterfaceElem' 405 406 606 607 ;
  804 'InterfaceElem' 406 407 607 608 ;
  805 'InterfaceElem' 407 408 608 609 ;
  806 'InterfaceElem' 408 409 609 610 ;
  807 'InterfaceElem' 409 410 610 611 ;
  808 'InterfaceElem' 410 411 611 612 ;
  809 'InterfaceElem' 411 412 612 613 ;
  810 'InterfaceElem' 412 413 613 614 ;
  811 'InterfaceElem' 413 414 614 615 ;
  812 'InterfaceElem' 414 415 615 616 ;
  813 'InterfaceElem' 415 416 616 617 ;
  814 'InterfaceElem' 416 417 617 618 ;
  815 'InterfaceElem' 417 418 618 619 ;
  816 'InterfaceElem' 418 419 619 620 ;
  817 'InterfaceElem' 419 420 620 621 ;
  818 'InterfaceElem' 420 421 621 622 ;
  819 'InterfaceElem' 421 422 622 623 ;
  820 'InterfaceElem' 422 423 623 624 ;
  821 'InterfaceElem' 423 424 624 625 ;
  822 'InterfaceElem' 424 425 625 626 ;
  823 'InterfaceElem' 425 426 626 627 ;
  824 'InterfaceElem' 426 427 627 628 ;
  825 'InterfaceElem' 427 428 628 629 ;
  826 'InterfaceElem' 428 429 629 630 ;
  827 'InterfaceElem' 429 430 630 631 ;
  828 'InterfaceElem' 430 431 631 632 ;
  829 'InterfaceElem' 431 432 632 633 ;
  830 'InterfaceElem' 432 433 633 634 ;
  831 'InterfaceElem' 433 434 634 635 ;
  832 'InterfaceElem' 434 435 635 636 ;
  833 'InterfaceElem' 435 436 636 637 ;
  834 'InterfaceElem' 436 437 637 638 ;
  835 'InterfaceElem' 437 438 638 639 ;
  836 'InterfaceElem' 438 439 639 640 ;
  837 'InterfaceElem' 439 440 640 641 ;
  838 'InterfaceElem' 440 441 641 642 ;
  839 'InterfaceElem' 441 442 642 643 ;
  840 'InterfaceElem' 442 443 643 644 ;
  841 'InterfaceElem' 443 444 644 645 ;
  842 'InterfaceElem' 444 445 645 646 ;
  843 'InterfaceElem' 445 446 646 647 ;
  844 'InterfaceElem' 446 447 647 648 ;
  845 'InterfaceElem' 447 448 648 649 ;
  846 'InterfaceElem' 448 449 649 650 ;
  847 'InterfaceElem' 449 450 650 651 ;
  848 'InterfaceElem' 450 451 651 652 ;
  849 'InterfaceElem' 451 452 652 653 ;
  850 'InterfaceElem' 452 453 653 654 ;
  851 'InterfaceElem' 453 454 654 655 ;
  852 'InterfaceElem' 454 455 655 656 ;
  853 'InterfaceElem' 455 456 656 657 ;
  854 'InterfaceElem' 456 457 657 658 ;
  855 'InterfaceElem' 457 458 658 659 ;
  856 'InterfaceElem' 458 459 659 660 ;
  857 'InterfaceElem' 459 460 660 661 ;
  858 'InterfaceElem' 460 461 661 662 ;
  859 'InterfaceElem' 461 462 662 663 ;
  860 'InterfaceElem' 462 463 663 664 ;
  861 'InterfaceElem' 463 464 664 665 ;
  862 'InterfaceElem' 464 465 665 666 ;
  863 'InterfaceElem' 465 466 666 667 ;
  864 'InterfaceElem' 466 467 667 668 ;
  865 'InterfaceElem' 467 468 668 669 ;
  866 'InterfaceElem' 468 469 669 670 ;
  867 'InterfaceElem' 469 470 670 671 ;
  868 'InterfaceElem' 470 471 671 672 ;
  869 'InterfaceElem' 471 472 672 673 ;
  870 'InterfaceElem' 472 473 673 674 ;
  871 'InterfaceElem' 473 474 674 675 ;
  872 'InterfaceElem' 474 475 675 676 ;
  873 'InterfaceElem' 475 476 676 677 ;
  874 'InterfaceElem' 476 477 677 678 ;
  875 'InterfaceElem' 477 478 678 679 ;
  876 'InterfaceElem' 478 479 679 680 ;
  877 'InterfaceElem' 479 480 680 681 ;
  878 'InterfaceElem' 480 481 681 682 ;
  879 'InterfaceElem' 481 482 682 683 ;
  880 'InterfaceElem' 482 483 683 684 ;
  881 'InterfaceElem' 483 484 684 685 ;
  882 'InterfaceElem' 484 485 685 686 ;
  883 'InterfaceElem' 485 486 686 687 ;
  884 'InterfaceElem' 486 487 687 688 ;
  885 'InterfaceElem' 487 488 688 689 ;
  886 'InterfaceElem' 488 489 689 690 ;
  887 'InterfaceElem' 489 490 690 691 ;
  888 'InterfaceElem' 490 491 691 692 ;
  889 'InterfaceElem' 491 492 692 693 ;
  890 'InterfaceElem' 492 493 693 694 ;
  891 'InterfaceElem' 493 494 694 695 ;
  892 'InterfaceElem' 494 495 695 696 ;
  893 'InterfaceElem' 495 496 696 697 ;
  894 'InterfaceElem' 496 497 697 698 ;
  895 'InterfaceElem' 497 498 698 699 ;
  896 'InterfaceElem' 498 499 699 700 ;
  897 'InterfaceElem' 499 500 700 701 ;
  898 'InterfaceElem' 500 501 701 702 ;
  899 'InterfaceElem' 501 502 702 703 ;
  900 'InterfaceElem' 502 503 703 704 ;
</Elements>

<NodeConstraints>
  u[ 1 ] = 0.0;
  v[ 1 ] = 0.0;
  u[ 202 ] = 0.0;
  v[ 202 ] = 0.0;
  u[ 403 ] = 0.0;
  v[ 403 ] = 0.0;
  u[ 604 ] = 0.0;
  v[ 604 ] = 0.0;
  u[ 805 ] = 0.0;
  v[ 805 ] = 0.0;
  u[ 1006 ] = 0.0;
  v[ 1006 ] = 0.0;
</NodeConstraints>
 
<ExternalForces>
  u[ 402 ]  = -1.0;
  u[ 1005 ] = -1.0;
  v[ 402 ]  = -1.0e-3;
  v[ 1005 ] =  1.0e-3;
</ExternalForces>
