<Nodes>
  1 0.000000 -0.400000 ;
  2 0.200000 -0.400000 ;
  3 0.400000 -0.400000 ;
  4 0.600000 -0.400000 ;
  5 0.800000 -0.400000 ;
  6 1.000000 -0.400000 ;
  7 1.200000 -0.400000 ;
  8 1.400000 -0.400000 ;
  9 1.600000 -0.400000 ;
  10 1.800000 -0.400000 ;
  11 2.000000 -0.400000 ;
  12 2.200000 -0.400000 ;
  13 2.400000 -0.400000 ;
  14 2.600000 -0.400000 ;
  15 2.800000 -0.400000 ;
  16 3.000000 -0.400000 ;
  17 3.200000 -0.400000 ;
  18 3.400000 -0.400000 ;
  19 3.600000 -0.400000 ;
  20 3.800000 -0.400000 ;
  21 4.000000 -0.400000 ;
  22 4.200000 -0.400000 ;
  23 4.400000 -0.400000 ;
  24 4.600000 -0.400000 ;
  25 4.800000 -0.400000 ;
  26 5.000000 -0.400000 ;
  27 5.200000 -0.400000 ;
  28 5.400000 -0.400000 ;
  29 5.600000 -0.400000 ;
  30 5.800000 -0.400000 ;
  31 6.000000 -0.400000 ;
  32 6.200000 -0.400000 ;
  33 6.400000 -0.400000 ;
  34 6.600000 -0.400000 ;
  35 6.800000 -0.400000 ;
  36 7.000000 -0.400000 ;
  37 7.200000 -0.400000 ;
  38 7.400000 -0.400000 ;
  39 7.600000 -0.400000 ;
  40 7.800000 -0.400000 ;
  41 8.000000 -0.400000 ;
  42 8.200000 -0.400000 ;
  43 8.400000 -0.400000 ;
  44 8.600000 -0.400000 ;
  45 8.800000 -0.400000 ;
  46 9.000000 -0.400000 ;
  47 9.200000 -0.400000 ;
  48 9.400000 -0.400000 ;
  49 9.600000 -0.400000 ;
  50 9.800000 -0.400000 ;
  51 10.000000 -0.400000 ;
  52 10.200000 -0.400000 ;
  53 10.400000 -0.400000 ;
  54 10.600000 -0.400000 ;
  55 10.800000 -0.400000 ;
  56 11.000000 -0.400000 ;
  57 11.200000 -0.400000 ;
  58 11.400000 -0.400000 ;
  59 11.600000 -0.400000 ;
  60 11.800000 -0.400000 ;
  61 12.000000 -0.400000 ;
  62 12.200000 -0.400000 ;
  63 12.400000 -0.400000 ;
  64 12.600000 -0.400000 ;
  65 12.800000 -0.400000 ;
  66 13.000000 -0.400000 ;
  67 13.200000 -0.400000 ;
  68 13.400000 -0.400000 ;
  69 13.600000 -0.400000 ;
  70 13.800000 -0.400000 ;
  71 14.000000 -0.400000 ;
  72 14.200000 -0.400000 ;
  73 14.400000 -0.400000 ;
  74 14.600000 -0.400000 ;
  75 14.800000 -0.400000 ;
  76 15.000000 -0.400000 ;
  77 15.200000 -0.400000 ;
  78 15.400000 -0.400000 ;
  79 15.600000 -0.400000 ;
  80 15.800000 -0.400000 ;
  81 16.000000 -0.400000 ;
  82 16.200000 -0.400000 ;
  83 16.400000 -0.400000 ;
  84 16.600000 -0.400000 ;
  85 16.800000 -0.400000 ;
  86 17.000000 -0.400000 ;
  87 17.200000 -0.400000 ;
  88 17.400000 -0.400000 ;
  89 17.600000 -0.400000 ;
  90 17.800000 -0.400000 ;
  91 18.000000 -0.400000 ;
  92 18.200000 -0.400000 ;
  93 18.400000 -0.400000 ;
  94 18.600000 -0.400000 ;
  95 18.800000 -0.400000 ;
  96 19.000000 -0.400000 ;
  97 19.200000 -0.400000 ;
  98 19.400000 -0.400000 ;
  99 19.600000 -0.400000 ;
  100 19.800000 -0.400000 ;
  101 20.000000 -0.400000 ;
  102 0.000000 -0.200000 ;
  103 0.200000 -0.200000 ;
  104 0.400000 -0.200000 ;
  105 0.600000 -0.200000 ;
  106 0.800000 -0.200000 ;
  107 1.000000 -0.200000 ;
  108 1.200000 -0.200000 ;
  109 1.400000 -0.200000 ;
  110 1.600000 -0.200000 ;
  111 1.800000 -0.200000 ;
  112 2.000000 -0.200000 ;
  113 2.200000 -0.200000 ;
  114 2.400000 -0.200000 ;
  115 2.600000 -0.200000 ;
  116 2.800000 -0.200000 ;
  117 3.000000 -0.200000 ;
  118 3.200000 -0.200000 ;
  119 3.400000 -0.200000 ;
  120 3.600000 -0.200000 ;
  121 3.800000 -0.200000 ;
  122 4.000000 -0.200000 ;
  123 4.200000 -0.200000 ;
  124 4.400000 -0.200000 ;
  125 4.600000 -0.200000 ;
  126 4.800000 -0.200000 ;
  127 5.000000 -0.200000 ;
  128 5.200000 -0.200000 ;
  129 5.400000 -0.200000 ;
  130 5.600000 -0.200000 ;
  131 5.800000 -0.200000 ;
  132 6.000000 -0.200000 ;
  133 6.200000 -0.200000 ;
  134 6.400000 -0.200000 ;
  135 6.600000 -0.200000 ;
  136 6.800000 -0.200000 ;
  137 7.000000 -0.200000 ;
  138 7.200000 -0.200000 ;
  139 7.400000 -0.200000 ;
  140 7.600000 -0.200000 ;
  141 7.800000 -0.200000 ;
  142 8.000000 -0.200000 ;
  143 8.200000 -0.200000 ;
  144 8.400000 -0.200000 ;
  145 8.600000 -0.200000 ;
  146 8.800000 -0.200000 ;
  147 9.000000 -0.200000 ;
  148 9.200000 -0.200000 ;
  149 9.400000 -0.200000 ;
  150 9.600000 -0.200000 ;
  151 9.800000 -0.200000 ;
  152 10.000000 -0.200000 ;
  153 10.200000 -0.200000 ;
  154 10.400000 -0.200000 ;
  155 10.600000 -0.200000 ;
  156 10.800000 -0.200000 ;
  157 11.000000 -0.200000 ;
  158 11.200000 -0.200000 ;
  159 11.400000 -0.200000 ;
  160 11.600000 -0.200000 ;
  161 11.800000 -0.200000 ;
  162 12.000000 -0.200000 ;
  163 12.200000 -0.200000 ;
  164 12.400000 -0.200000 ;
  165 12.600000 -0.200000 ;
  166 12.800000 -0.200000 ;
  167 13.000000 -0.200000 ;
  168 13.200000 -0.200000 ;
  169 13.400000 -0.200000 ;
  170 13.600000 -0.200000 ;
  171 13.800000 -0.200000 ;
  172 14.000000 -0.200000 ;
  173 14.200000 -0.200000 ;
  174 14.400000 -0.200000 ;
  175 14.600000 -0.200000 ;
  176 14.800000 -0.200000 ;
  177 15.000000 -0.200000 ;
  178 15.200000 -0.200000 ;
  179 15.400000 -0.200000 ;
  180 15.600000 -0.200000 ;
  181 15.800000 -0.200000 ;
  182 16.000000 -0.200000 ;
  183 16.200000 -0.200000 ;
  184 16.400000 -0.200000 ;
  185 16.600000 -0.200000 ;
  186 16.800000 -0.200000 ;
  187 17.000000 -0.200000 ;
  188 17.200000 -0.200000 ;
  189 17.400000 -0.200000 ;
  190 17.600000 -0.200000 ;
  191 17.800000 -0.200000 ;
  192 18.000000 -0.200000 ;
  193 18.200000 -0.200000 ;
  194 18.400000 -0.200000 ;
  195 18.600000 -0.200000 ;
  196 18.800000 -0.200000 ;
  197 19.000000 -0.200000 ;
  198 19.200000 -0.200000 ;
  199 19.400000 -0.200000 ;
  200 19.600000 -0.200000 ;
  201 19.800000 -0.200000 ;
  202 20.000000 -0.200000 ;
  203 0.000000 0.000000 ;
  204 0.200000 0.000000 ;
  205 0.400000 0.000000 ;
  206 0.600000 0.000000 ;
  207 0.800000 0.000000 ;
  208 1.000000 0.000000 ;
  209 1.200000 0.000000 ;
  210 1.400000 0.000000 ;
  211 1.600000 0.000000 ;
  212 1.800000 0.000000 ;
  213 2.000000 0.000000 ;
  214 2.200000 0.000000 ;
  215 2.400000 0.000000 ;
  216 2.600000 0.000000 ;
  217 2.800000 0.000000 ;
  218 3.000000 0.000000 ;
  219 3.200000 0.000000 ;
  220 3.400000 0.000000 ;
  221 3.600000 0.000000 ;
  222 3.800000 0.000000 ;
  223 4.000000 0.000000 ;
  224 4.200000 0.000000 ;
  225 4.400000 0.000000 ;
  226 4.600000 0.000000 ;
  227 4.800000 0.000000 ;
  228 5.000000 0.000000 ;
  229 5.200000 0.000000 ;
  230 5.400000 0.000000 ;
  231 5.600000 0.000000 ;
  232 5.800000 0.000000 ;
  233 6.000000 0.000000 ;
  234 6.200000 0.000000 ;
  235 6.400000 0.000000 ;
  236 6.600000 0.000000 ;
  237 6.800000 0.000000 ;
  238 7.000000 0.000000 ;
  239 7.200000 0.000000 ;
  240 7.400000 0.000000 ;
  241 7.600000 0.000000 ;
  242 7.800000 0.000000 ;
  243 8.000000 0.000000 ;
  244 8.200000 0.000000 ;
  245 8.400000 0.000000 ;
  246 8.600000 0.000000 ;
  247 8.800000 0.000000 ;
  248 9.000000 0.000000 ;
  249 9.200000 0.000000 ;
  250 9.400000 0.000000 ;
  251 9.600000 0.000000 ;
  252 9.800000 0.000000 ;
  253 10.000000 0.000000 ;
  254 10.200000 0.000000 ;
  255 10.400000 0.000000 ;
  256 10.600000 0.000000 ;
  257 10.800000 0.000000 ;
  258 11.000000 0.000000 ;
  259 11.200000 0.000000 ;
  260 11.400000 0.000000 ;
  261 11.600000 0.000000 ;
  262 11.800000 0.000000 ;
  263 12.000000 0.000000 ;
  264 12.200000 0.000000 ;
  265 12.400000 0.000000 ;
  266 12.600000 0.000000 ;
  267 12.800000 0.000000 ;
  268 13.000000 0.000000 ;
  269 13.200000 0.000000 ;
  270 13.400000 0.000000 ;
  271 13.600000 0.000000 ;
  272 13.800000 0.000000 ;
  273 14.000000 0.000000 ;
  274 14.200000 0.000000 ;
  275 14.400000 0.000000 ;
  276 14.600000 0.000000 ;
  277 14.800000 0.000000 ;
  278 15.000000 0.000000 ;
  279 15.200000 0.000000 ;
  280 15.400000 0.000000 ;
  281 15.600000 0.000000 ;
  282 15.800000 0.000000 ;
  283 16.000000 0.000000 ;
  284 16.200000 0.000000 ;
  285 16.400000 0.000000 ;
  286 16.600000 0.000000 ;
  287 16.800000 0.000000 ;
  288 17.000000 0.000000 ;
  289 17.200000 0.000000 ;
  290 17.400000 0.000000 ;
  291 17.600000 0.000000 ;
  292 17.800000 0.000000 ;
  293 18.000000 0.000000 ;
  294 18.200000 0.000000 ;
  295 18.400000 0.000000 ;
  296 18.600000 0.000000 ;
  297 18.800000 0.000000 ;
  298 19.000000 0.000000 ;
  299 19.200000 0.000000 ;
  300 19.400000 0.000000 ;
  301 19.600000 0.000000 ;
  302 19.800000 0.000000 ;
  303 20.000000 0.000000 ;
  304 0.000000 0.000000 ;
  305 0.200000 0.000000 ;
  306 0.400000 0.000000 ;
  307 0.600000 0.000000 ;
  308 0.800000 0.000000 ;
  309 1.000000 0.000000 ;
  310 1.200000 0.000000 ;
  311 1.400000 0.000000 ;
  312 1.600000 0.000000 ;
  313 1.800000 0.000000 ;
  314 2.000000 0.000000 ;
  315 2.200000 0.000000 ;
  316 2.400000 0.000000 ;
  317 2.600000 0.000000 ;
  318 2.800000 0.000000 ;
  319 3.000000 0.000000 ;
  320 3.200000 0.000000 ;
  321 3.400000 0.000000 ;
  322 3.600000 0.000000 ;
  323 3.800000 0.000000 ;
  324 4.000000 0.000000 ;
  325 4.200000 0.000000 ;
  326 4.400000 0.000000 ;
  327 4.600000 0.000000 ;
  328 4.800000 0.000000 ;
  329 5.000000 0.000000 ;
  330 5.200000 0.000000 ;
  331 5.400000 0.000000 ;
  332 5.600000 0.000000 ;
  333 5.800000 0.000000 ;
  334 6.000000 0.000000 ;
  335 6.200000 0.000000 ;
  336 6.400000 0.000000 ;
  337 6.600000 0.000000 ;
  338 6.800000 0.000000 ;
  339 7.000000 0.000000 ;
  340 7.200000 0.000000 ;
  341 7.400000 0.000000 ;
  342 7.600000 0.000000 ;
  343 7.800000 0.000000 ;
  344 8.000000 0.000000 ;
  345 8.200000 0.000000 ;
  346 8.400000 0.000000 ;
  347 8.600000 0.000000 ;
  348 8.800000 0.000000 ;
  349 9.000000 0.000000 ;
  350 9.200000 0.000000 ;
  351 9.400000 0.000000 ;
  352 9.600000 0.000000 ;
  353 9.800000 0.000000 ;
  354 10.000000 0.000000 ;
  355 10.200000 0.000000 ;
  356 10.400000 0.000000 ;
  357 10.600000 0.000000 ;
  358 10.800000 0.000000 ;
  359 11.000000 0.000000 ;
  360 11.200000 0.000000 ;
  361 11.400000 0.000000 ;
  362 11.600000 0.000000 ;
  363 11.800000 0.000000 ;
  364 12.000000 0.000000 ;
  365 12.200000 0.000000 ;
  366 12.400000 0.000000 ;
  367 12.600000 0.000000 ;
  368 12.800000 0.000000 ;
  369 13.000000 0.000000 ;
  370 13.200000 0.000000 ;
  371 13.400000 0.000000 ;
  372 13.600000 0.000000 ;
  373 13.800000 0.000000 ;
  374 14.000000 0.000000 ;
  375 14.200000 0.000000 ;
  376 14.400000 0.000000 ;
  377 14.600000 0.000000 ;
  378 14.800000 0.000000 ;
  379 15.000000 0.000000 ;
  380 15.200000 0.000000 ;
  381 15.400000 0.000000 ;
  382 15.600000 0.000000 ;
  383 15.800000 0.000000 ;
  384 16.000000 0.000000 ;
  385 16.200000 0.000000 ;
  386 16.400000 0.000000 ;
  387 16.600000 0.000000 ;
  388 16.800000 0.000000 ;
  389 17.000000 0.000000 ;
  390 17.200000 0.000000 ;
  391 17.400000 0.000000 ;
  392 17.600000 0.000000 ;
  393 17.800000 0.000000 ;
  394 18.000000 0.000000 ;
  395 18.200000 0.000000 ;
  396 18.400000 0.000000 ;
  397 18.600000 0.000000 ;
  398 18.800000 0.000000 ;
  399 19.000000 0.000000 ;
  400 19.200000 0.000000 ;
  401 19.400000 0.000000 ;
  402 19.600000 0.000000 ;
  403 19.800000 0.000000 ;
  404 20.000000 0.000000 ;
  405 0.000000 0.200000 ;
  406 0.200000 0.200000 ;
  407 0.400000 0.200000 ;
  408 0.600000 0.200000 ;
  409 0.800000 0.200000 ;
  410 1.000000 0.200000 ;
  411 1.200000 0.200000 ;
  412 1.400000 0.200000 ;
  413 1.600000 0.200000 ;
  414 1.800000 0.200000 ;
  415 2.000000 0.200000 ;
  416 2.200000 0.200000 ;
  417 2.400000 0.200000 ;
  418 2.600000 0.200000 ;
  419 2.800000 0.200000 ;
  420 3.000000 0.200000 ;
  421 3.200000 0.200000 ;
  422 3.400000 0.200000 ;
  423 3.600000 0.200000 ;
  424 3.800000 0.200000 ;
  425 4.000000 0.200000 ;
  426 4.200000 0.200000 ;
  427 4.400000 0.200000 ;
  428 4.600000 0.200000 ;
  429 4.800000 0.200000 ;
  430 5.000000 0.200000 ;
  431 5.200000 0.200000 ;
  432 5.400000 0.200000 ;
  433 5.600000 0.200000 ;
  434 5.800000 0.200000 ;
  435 6.000000 0.200000 ;
  436 6.200000 0.200000 ;
  437 6.400000 0.200000 ;
  438 6.600000 0.200000 ;
  439 6.800000 0.200000 ;
  440 7.000000 0.200000 ;
  441 7.200000 0.200000 ;
  442 7.400000 0.200000 ;
  443 7.600000 0.200000 ;
  444 7.800000 0.200000 ;
  445 8.000000 0.200000 ;
  446 8.200000 0.200000 ;
  447 8.400000 0.200000 ;
  448 8.600000 0.200000 ;
  449 8.800000 0.200000 ;
  450 9.000000 0.200000 ;
  451 9.200000 0.200000 ;
  452 9.400000 0.200000 ;
  453 9.600000 0.200000 ;
  454 9.800000 0.200000 ;
  455 10.000000 0.200000 ;
  456 10.200000 0.200000 ;
  457 10.400000 0.200000 ;
  458 10.600000 0.200000 ;
  459 10.800000 0.200000 ;
  460 11.000000 0.200000 ;
  461 11.200000 0.200000 ;
  462 11.400000 0.200000 ;
  463 11.600000 0.200000 ;
  464 11.800000 0.200000 ;
  465 12.000000 0.200000 ;
  466 12.200000 0.200000 ;
  467 12.400000 0.200000 ;
  468 12.600000 0.200000 ;
  469 12.800000 0.200000 ;
  470 13.000000 0.200000 ;
  471 13.200000 0.200000 ;
  472 13.400000 0.200000 ;
  473 13.600000 0.200000 ;
  474 13.800000 0.200000 ;
  475 14.000000 0.200000 ;
  476 14.200000 0.200000 ;
  477 14.400000 0.200000 ;
  478 14.600000 0.200000 ;
  479 14.800000 0.200000 ;
  480 15.000000 0.200000 ;
  481 15.200000 0.200000 ;
  482 15.400000 0.200000 ;
  483 15.600000 0.200000 ;
  484 15.800000 0.200000 ;
  485 16.000000 0.200000 ;
  486 16.200000 0.200000 ;
  487 16.400000 0.200000 ;
  488 16.600000 0.200000 ;
  489 16.800000 0.200000 ;
  490 17.000000 0.200000 ;
  491 17.200000 0.200000 ;
  492 17.400000 0.200000 ;
  493 17.600000 0.200000 ;
  494 17.800000 0.200000 ;
  495 18.000000 0.200000 ;
  496 18.200000 0.200000 ;
  497 18.400000 0.200000 ;
  498 18.600000 0.200000 ;
  499 18.800000 0.200000 ;
  500 19.000000 0.200000 ;
  501 19.200000 0.200000 ;
  502 19.400000 0.200000 ;
  503 19.600000 0.200000 ;
  504 19.800000 0.200000 ;
  505 20.000000 0.200000 ;
  506 0.000000 0.400000 ;
  507 0.200000 0.400000 ;
  508 0.400000 0.400000 ;
  509 0.600000 0.400000 ;
  510 0.800000 0.400000 ;
  511 1.000000 0.400000 ;
  512 1.200000 0.400000 ;
  513 1.400000 0.400000 ;
  514 1.600000 0.400000 ;
  515 1.800000 0.400000 ;
  516 2.000000 0.400000 ;
  517 2.200000 0.400000 ;
  518 2.400000 0.400000 ;
  519 2.600000 0.400000 ;
  520 2.800000 0.400000 ;
  521 3.000000 0.400000 ;
  522 3.200000 0.400000 ;
  523 3.400000 0.400000 ;
  524 3.600000 0.400000 ;
  525 3.800000 0.400000 ;
  526 4.000000 0.400000 ;
  527 4.200000 0.400000 ;
  528 4.400000 0.400000 ;
  529 4.600000 0.400000 ;
  530 4.800000 0.400000 ;
  531 5.000000 0.400000 ;
  532 5.200000 0.400000 ;
  533 5.400000 0.400000 ;
  534 5.600000 0.400000 ;
  535 5.800000 0.400000 ;
  536 6.000000 0.400000 ;
  537 6.200000 0.400000 ;
  538 6.400000 0.400000 ;
  539 6.600000 0.400000 ;
  540 6.800000 0.400000 ;
  541 7.000000 0.400000 ;
  542 7.200000 0.400000 ;
  543 7.400000 0.400000 ;
  544 7.600000 0.400000 ;
  545 7.800000 0.400000 ;
  546 8.000000 0.400000 ;
  547 8.200000 0.400000 ;
  548 8.400000 0.400000 ;
  549 8.600000 0.400000 ;
  550 8.800000 0.400000 ;
  551 9.000000 0.400000 ;
  552 9.200000 0.400000 ;
  553 9.400000 0.400000 ;
  554 9.600000 0.400000 ;
  555 9.800000 0.400000 ;
  556 10.000000 0.400000 ;
  557 10.200000 0.400000 ;
  558 10.400000 0.400000 ;
  559 10.600000 0.400000 ;
  560 10.800000 0.400000 ;
  561 11.000000 0.400000 ;
  562 11.200000 0.400000 ;
  563 11.400000 0.400000 ;
  564 11.600000 0.400000 ;
  565 11.800000 0.400000 ;
  566 12.000000 0.400000 ;
  567 12.200000 0.400000 ;
  568 12.400000 0.400000 ;
  569 12.600000 0.400000 ;
  570 12.800000 0.400000 ;
  571 13.000000 0.400000 ;
  572 13.200000 0.400000 ;
  573 13.400000 0.400000 ;
  574 13.600000 0.400000 ;
  575 13.800000 0.400000 ;
  576 14.000000 0.400000 ;
  577 14.200000 0.400000 ;
  578 14.400000 0.400000 ;
  579 14.600000 0.400000 ;
  580 14.800000 0.400000 ;
  581 15.000000 0.400000 ;
  582 15.200000 0.400000 ;
  583 15.400000 0.400000 ;
  584 15.600000 0.400000 ;
  585 15.800000 0.400000 ;
  586 16.000000 0.400000 ;
  587 16.200000 0.400000 ;
  588 16.400000 0.400000 ;
  589 16.600000 0.400000 ;
  590 16.800000 0.400000 ;
  591 17.000000 0.400000 ;
  592 17.200000 0.400000 ;
  593 17.400000 0.400000 ;
  594 17.600000 0.400000 ;
  595 17.800000 0.400000 ;
  596 18.000000 0.400000 ;
  597 18.200000 0.400000 ;
  598 18.400000 0.400000 ;
  599 18.600000 0.400000 ;
  600 18.800000 0.400000 ;
  601 19.000000 0.400000 ;
  602 19.200000 0.400000 ;
  603 19.400000 0.400000 ;
  604 19.600000 0.400000 ;
  605 19.800000 0.400000 ;
  606 20.000000 0.400000 ;
</Nodes>

<Elements>
  1 'ContElem' 1 2 103 102 ;
  2 'ContElem' 2 3 104 103 ;
  3 'ContElem' 3 4 105 104 ;
  4 'ContElem' 4 5 106 105 ;
  5 'ContElem' 5 6 107 106 ;
  6 'ContElem' 6 7 108 107 ;
  7 'ContElem' 7 8 109 108 ;
  8 'ContElem' 8 9 110 109 ;
  9 'ContElem' 9 10 111 110 ;
  10 'ContElem' 10 11 112 111 ;
  11 'ContElem' 11 12 113 112 ;
  12 'ContElem' 12 13 114 113 ;
  13 'ContElem' 13 14 115 114 ;
  14 'ContElem' 14 15 116 115 ;
  15 'ContElem' 15 16 117 116 ;
  16 'ContElem' 16 17 118 117 ;
  17 'ContElem' 17 18 119 118 ;
  18 'ContElem' 18 19 120 119 ;
  19 'ContElem' 19 20 121 120 ;
  20 'ContElem' 20 21 122 121 ;
  21 'ContElem' 21 22 123 122 ;
  22 'ContElem' 22 23 124 123 ;
  23 'ContElem' 23 24 125 124 ;
  24 'ContElem' 24 25 126 125 ;
  25 'ContElem' 25 26 127 126 ;
  26 'ContElem' 26 27 128 127 ;
  27 'ContElem' 27 28 129 128 ;
  28 'ContElem' 28 29 130 129 ;
  29 'ContElem' 29 30 131 130 ;
  30 'ContElem' 30 31 132 131 ;
  31 'ContElem' 31 32 133 132 ;
  32 'ContElem' 32 33 134 133 ;
  33 'ContElem' 33 34 135 134 ;
  34 'ContElem' 34 35 136 135 ;
  35 'ContElem' 35 36 137 136 ;
  36 'ContElem' 36 37 138 137 ;
  37 'ContElem' 37 38 139 138 ;
  38 'ContElem' 38 39 140 139 ;
  39 'ContElem' 39 40 141 140 ;
  40 'ContElem' 40 41 142 141 ;
  41 'ContElem' 41 42 143 142 ;
  42 'ContElem' 42 43 144 143 ;
  43 'ContElem' 43 44 145 144 ;
  44 'ContElem' 44 45 146 145 ;
  45 'ContElem' 45 46 147 146 ;
  46 'ContElem' 46 47 148 147 ;
  47 'ContElem' 47 48 149 148 ;
  48 'ContElem' 48 49 150 149 ;
  49 'ContElem' 49 50 151 150 ;
  50 'ContElem' 50 51 152 151 ;
  51 'ContElem' 51 52 153 152 ;
  52 'ContElem' 52 53 154 153 ;
  53 'ContElem' 53 54 155 154 ;
  54 'ContElem' 54 55 156 155 ;
  55 'ContElem' 55 56 157 156 ;
  56 'ContElem' 56 57 158 157 ;
  57 'ContElem' 57 58 159 158 ;
  58 'ContElem' 58 59 160 159 ;
  59 'ContElem' 59 60 161 160 ;
  60 'ContElem' 60 61 162 161 ;
  61 'ContElem' 61 62 163 162 ;
  62 'ContElem' 62 63 164 163 ;
  63 'ContElem' 63 64 165 164 ;
  64 'ContElem' 64 65 166 165 ;
  65 'ContElem' 65 66 167 166 ;
  66 'ContElem' 66 67 168 167 ;
  67 'ContElem' 67 68 169 168 ;
  68 'ContElem' 68 69 170 169 ;
  69 'ContElem' 69 70 171 170 ;
  70 'ContElem' 70 71 172 171 ;
  71 'ContElem' 71 72 173 172 ;
  72 'ContElem' 72 73 174 173 ;
  73 'ContElem' 73 74 175 174 ;
  74 'ContElem' 74 75 176 175 ;
  75 'ContElem' 75 76 177 176 ;
  76 'ContElem' 76 77 178 177 ;
  77 'ContElem' 77 78 179 178 ;
  78 'ContElem' 78 79 180 179 ;
  79 'ContElem' 79 80 181 180 ;
  80 'ContElem' 80 81 182 181 ;
  81 'ContElem' 81 82 183 182 ;
  82 'ContElem' 82 83 184 183 ;
  83 'ContElem' 83 84 185 184 ;
  84 'ContElem' 84 85 186 185 ;
  85 'ContElem' 85 86 187 186 ;
  86 'ContElem' 86 87 188 187 ;
  87 'ContElem' 87 88 189 188 ;
  88 'ContElem' 88 89 190 189 ;
  89 'ContElem' 89 90 191 190 ;
  90 'ContElem' 90 91 192 191 ;
  91 'ContElem' 91 92 193 192 ;
  92 'ContElem' 92 93 194 193 ;
  93 'ContElem' 93 94 195 194 ;
  94 'ContElem' 94 95 196 195 ;
  95 'ContElem' 95 96 197 196 ;
  96 'ContElem' 96 97 198 197 ;
  97 'ContElem' 97 98 199 198 ;
  98 'ContElem' 98 99 200 199 ;
  99 'ContElem' 99 100 201 200 ;
  100 'ContElem' 100 101 202 201 ;
  101 'ContElem' 102 103 204 203 ;
  102 'ContElem' 103 104 205 204 ;
  103 'ContElem' 104 105 206 205 ;
  104 'ContElem' 105 106 207 206 ;
  105 'ContElem' 106 107 208 207 ;
  106 'ContElem' 107 108 209 208 ;
  107 'ContElem' 108 109 210 209 ;
  108 'ContElem' 109 110 211 210 ;
  109 'ContElem' 110 111 212 211 ;
  110 'ContElem' 111 112 213 212 ;
  111 'ContElem' 112 113 214 213 ;
  112 'ContElem' 113 114 215 214 ;
  113 'ContElem' 114 115 216 215 ;
  114 'ContElem' 115 116 217 216 ;
  115 'ContElem' 116 117 218 217 ;
  116 'ContElem' 117 118 219 218 ;
  117 'ContElem' 118 119 220 219 ;
  118 'ContElem' 119 120 221 220 ;
  119 'ContElem' 120 121 222 221 ;
  120 'ContElem' 121 122 223 222 ;
  121 'ContElem' 122 123 224 223 ;
  122 'ContElem' 123 124 225 224 ;
  123 'ContElem' 124 125 226 225 ;
  124 'ContElem' 125 126 227 226 ;
  125 'ContElem' 126 127 228 227 ;
  126 'ContElem' 127 128 229 228 ;
  127 'ContElem' 128 129 230 229 ;
  128 'ContElem' 129 130 231 230 ;
  129 'ContElem' 130 131 232 231 ;
  130 'ContElem' 131 132 233 232 ;
  131 'ContElem' 132 133 234 233 ;
  132 'ContElem' 133 134 235 234 ;
  133 'ContElem' 134 135 236 235 ;
  134 'ContElem' 135 136 237 236 ;
  135 'ContElem' 136 137 238 237 ;
  136 'ContElem' 137 138 239 238 ;
  137 'ContElem' 138 139 240 239 ;
  138 'ContElem' 139 140 241 240 ;
  139 'ContElem' 140 141 242 241 ;
  140 'ContElem' 141 142 243 242 ;
  141 'ContElem' 142 143 244 243 ;
  142 'ContElem' 143 144 245 244 ;
  143 'ContElem' 144 145 246 245 ;
  144 'ContElem' 145 146 247 246 ;
  145 'ContElem' 146 147 248 247 ;
  146 'ContElem' 147 148 249 248 ;
  147 'ContElem' 148 149 250 249 ;
  148 'ContElem' 149 150 251 250 ;
  149 'ContElem' 150 151 252 251 ;
  150 'ContElem' 151 152 253 252 ;
  151 'ContElem' 152 153 254 253 ;
  152 'ContElem' 153 154 255 254 ;
  153 'ContElem' 154 155 256 255 ;
  154 'ContElem' 155 156 257 256 ;
  155 'ContElem' 156 157 258 257 ;
  156 'ContElem' 157 158 259 258 ;
  157 'ContElem' 158 159 260 259 ;
  158 'ContElem' 159 160 261 260 ;
  159 'ContElem' 160 161 262 261 ;
  160 'ContElem' 161 162 263 262 ;
  161 'ContElem' 162 163 264 263 ;
  162 'ContElem' 163 164 265 264 ;
  163 'ContElem' 164 165 266 265 ;
  164 'ContElem' 165 166 267 266 ;
  165 'ContElem' 166 167 268 267 ;
  166 'ContElem' 167 168 269 268 ;
  167 'ContElem' 168 169 270 269 ;
  168 'ContElem' 169 170 271 270 ;
  169 'ContElem' 170 171 272 271 ;
  170 'ContElem' 171 172 273 272 ;
  171 'ContElem' 172 173 274 273 ;
  172 'ContElem' 173 174 275 274 ;
  173 'ContElem' 174 175 276 275 ;
  174 'ContElem' 175 176 277 276 ;
  175 'ContElem' 176 177 278 277 ;
  176 'ContElem' 177 178 279 278 ;
  177 'ContElem' 178 179 280 279 ;
  178 'ContElem' 179 180 281 280 ;
  179 'ContElem' 180 181 282 281 ;
  180 'ContElem' 181 182 283 282 ;
  181 'ContElem' 182 183 284 283 ;
  182 'ContElem' 183 184 285 284 ;
  183 'ContElem' 184 185 286 285 ;
  184 'ContElem' 185 186 287 286 ;
  185 'ContElem' 186 187 288 287 ;
  186 'ContElem' 187 188 289 288 ;
  187 'ContElem' 188 189 290 289 ;
  188 'ContElem' 189 190 291 290 ;
  189 'ContElem' 190 191 292 291 ;
  190 'ContElem' 191 192 293 292 ;
  191 'ContElem' 192 193 294 293 ;
  192 'ContElem' 193 194 295 294 ;
  193 'ContElem' 194 195 296 295 ;
  194 'ContElem' 195 196 297 296 ;
  195 'ContElem' 196 197 298 297 ;
  196 'ContElem' 197 198 299 298 ;
  197 'ContElem' 198 199 300 299 ;
  198 'ContElem' 199 200 301 300 ;
  199 'ContElem' 200 201 302 301 ;
  200 'ContElem' 201 202 303 302 ;
  201 'ContElem' 304 305 406 405 ;
  202 'ContElem' 305 306 407 406 ;
  203 'ContElem' 306 307 408 407 ;
  204 'ContElem' 307 308 409 408 ;
  205 'ContElem' 308 309 410 409 ;
  206 'ContElem' 309 310 411 410 ;
  207 'ContElem' 310 311 412 411 ;
  208 'ContElem' 311 312 413 412 ;
  209 'ContElem' 312 313 414 413 ;
  210 'ContElem' 313 314 415 414 ;
  211 'ContElem' 314 315 416 415 ;
  212 'ContElem' 315 316 417 416 ;
  213 'ContElem' 316 317 418 417 ;
  214 'ContElem' 317 318 419 418 ;
  215 'ContElem' 318 319 420 419 ;
  216 'ContElem' 319 320 421 420 ;
  217 'ContElem' 320 321 422 421 ;
  218 'ContElem' 321 322 423 422 ;
  219 'ContElem' 322 323 424 423 ;
  220 'ContElem' 323 324 425 424 ;
  221 'ContElem' 324 325 426 425 ;
  222 'ContElem' 325 326 427 426 ;
  223 'ContElem' 326 327 428 427 ;
  224 'ContElem' 327 328 429 428 ;
  225 'ContElem' 328 329 430 429 ;
  226 'ContElem' 329 330 431 430 ;
  227 'ContElem' 330 331 432 431 ;
  228 'ContElem' 331 332 433 432 ;
  229 'ContElem' 332 333 434 433 ;
  230 'ContElem' 333 334 435 434 ;
  231 'ContElem' 334 335 436 435 ;
  232 'ContElem' 335 336 437 436 ;
  233 'ContElem' 336 337 438 437 ;
  234 'ContElem' 337 338 439 438 ;
  235 'ContElem' 338 339 440 439 ;
  236 'ContElem' 339 340 441 440 ;
  237 'ContElem' 340 341 442 441 ;
  238 'ContElem' 341 342 443 442 ;
  239 'ContElem' 342 343 444 443 ;
  240 'ContElem' 343 344 445 444 ;
  241 'ContElem' 344 345 446 445 ;
  242 'ContElem' 345 346 447 446 ;
  243 'ContElem' 346 347 448 447 ;
  244 'ContElem' 347 348 449 448 ;
  245 'ContElem' 348 349 450 449 ;
  246 'ContElem' 349 350 451 450 ;
  247 'ContElem' 350 351 452 451 ;
  248 'ContElem' 351 352 453 452 ;
  249 'ContElem' 352 353 454 453 ;
  250 'ContElem' 353 354 455 454 ;
  251 'ContElem' 354 355 456 455 ;
  252 'ContElem' 355 356 457 456 ;
  253 'ContElem' 356 357 458 457 ;
  254 'ContElem' 357 358 459 458 ;
  255 'ContElem' 358 359 460 459 ;
  256 'ContElem' 359 360 461 460 ;
  257 'ContElem' 360 361 462 461 ;
  258 'ContElem' 361 362 463 462 ;
  259 'ContElem' 362 363 464 463 ;
  260 'ContElem' 363 364 465 464 ;
  261 'ContElem' 364 365 466 465 ;
  262 'ContElem' 365 366 467 466 ;
  263 'ContElem' 366 367 468 467 ;
  264 'ContElem' 367 368 469 468 ;
  265 'ContElem' 368 369 470 469 ;
  266 'ContElem' 369 370 471 470 ;
  267 'ContElem' 370 371 472 471 ;
  268 'ContElem' 371 372 473 472 ;
  269 'ContElem' 372 373 474 473 ;
  270 'ContElem' 373 374 475 474 ;
  271 'ContElem' 374 375 476 475 ;
  272 'ContElem' 375 376 477 476 ;
  273 'ContElem' 376 377 478 477 ;
  274 'ContElem' 377 378 479 478 ;
  275 'ContElem' 378 379 480 479 ;
  276 'ContElem' 379 380 481 480 ;
  277 'ContElem' 380 381 482 481 ;
  278 'ContElem' 381 382 483 482 ;
  279 'ContElem' 382 383 484 483 ;
  280 'ContElem' 383 384 485 484 ;
  281 'ContElem' 384 385 486 485 ;
  282 'ContElem' 385 386 487 486 ;
  283 'ContElem' 386 387 488 487 ;
  284 'ContElem' 387 388 489 488 ;
  285 'ContElem' 388 389 490 489 ;
  286 'ContElem' 389 390 491 490 ;
  287 'ContElem' 390 391 492 491 ;
  288 'ContElem' 391 392 493 492 ;
  289 'ContElem' 392 393 494 493 ;
  290 'ContElem' 393 394 495 494 ;
  291 'ContElem' 394 395 496 495 ;
  292 'ContElem' 395 396 497 496 ;
  293 'ContElem' 396 397 498 497 ;
  294 'ContElem' 397 398 499 498 ;
  295 'ContElem' 398 399 500 499 ;
  296 'ContElem' 399 400 501 500 ;
  297 'ContElem' 400 401 502 501 ;
  298 'ContElem' 401 402 503 502 ;
  299 'ContElem' 402 403 504 503 ;
  300 'ContElem' 403 404 505 504 ;
  301 'ContElem' 405 406 507 506 ;
  302 'ContElem' 406 407 508 507 ;
  303 'ContElem' 407 408 509 508 ;
  304 'ContElem' 408 409 510 509 ;
  305 'ContElem' 409 410 511 510 ;
  306 'ContElem' 410 411 512 511 ;
  307 'ContElem' 411 412 513 512 ;
  308 'ContElem' 412 413 514 513 ;
  309 'ContElem' 413 414 515 514 ;
  310 'ContElem' 414 415 516 515 ;
  311 'ContElem' 415 416 517 516 ;
  312 'ContElem' 416 417 518 517 ;
  313 'ContElem' 417 418 519 518 ;
  314 'ContElem' 418 419 520 519 ;
  315 'ContElem' 419 420 521 520 ;
  316 'ContElem' 420 421 522 521 ;
  317 'ContElem' 421 422 523 522 ;
  318 'ContElem' 422 423 524 523 ;
  319 'ContElem' 423 424 525 524 ;
  320 'ContElem' 424 425 526 525 ;
  321 'ContElem' 425 426 527 526 ;
  322 'ContElem' 426 427 528 527 ;
  323 'ContElem' 427 428 529 528 ;
  324 'ContElem' 428 429 530 529 ;
  325 'ContElem' 429 430 531 530 ;
  326 'ContElem' 430 431 532 531 ;
  327 'ContElem' 431 432 533 532 ;
  328 'ContElem' 432 433 534 533 ;
  329 'ContElem' 433 434 535 534 ;
  330 'ContElem' 434 435 536 535 ;
  331 'ContElem' 435 436 537 536 ;
  332 'ContElem' 436 437 538 537 ;
  333 'ContElem' 437 438 539 538 ;
  334 'ContElem' 438 439 540 539 ;
  335 'ContElem' 439 440 541 540 ;
  336 'ContElem' 440 441 542 541 ;
  337 'ContElem' 441 442 543 542 ;
  338 'ContElem' 442 443 544 543 ;
  339 'ContElem' 443 444 545 544 ;
  340 'ContElem' 444 445 546 545 ;
  341 'ContElem' 445 446 547 546 ;
  342 'ContElem' 446 447 548 547 ;
  343 'ContElem' 447 448 549 548 ;
  344 'ContElem' 448 449 550 549 ;
  345 'ContElem' 449 450 551 550 ;
  346 'ContElem' 450 451 552 551 ;
  347 'ContElem' 451 452 553 552 ;
  348 'ContElem' 452 453 554 553 ;
  349 'ContElem' 453 454 555 554 ;
  350 'ContElem' 454 455 556 555 ;
  351 'ContElem' 455 456 557 556 ;
  352 'ContElem' 456 457 558 557 ;
  353 'ContElem' 457 458 559 558 ;
  354 'ContElem' 458 459 560 559 ;
  355 'ContElem' 459 460 561 560 ;
  356 'ContElem' 460 461 562 561 ;
  357 'ContElem' 461 462 563 562 ;
  358 'ContElem' 462 463 564 563 ;
  359 'ContElem' 463 464 565 564 ;
  360 'ContElem' 464 465 566 565 ;
  361 'ContElem' 465 466 567 566 ;
  362 'ContElem' 466 467 568 567 ;
  363 'ContElem' 467 468 569 568 ;
  364 'ContElem' 468 469 570 569 ;
  365 'ContElem' 469 470 571 570 ;
  366 'ContElem' 470 471 572 571 ;
  367 'ContElem' 471 472 573 572 ;
  368 'ContElem' 472 473 574 573 ;
  369 'ContElem' 473 474 575 574 ;
  370 'ContElem' 474 475 576 575 ;
  371 'ContElem' 475 476 577 576 ;
  372 'ContElem' 476 477 578 577 ;
  373 'ContElem' 477 478 579 578 ;
  374 'ContElem' 478 479 580 579 ;
  375 'ContElem' 479 480 581 580 ;
  376 'ContElem' 480 481 582 581 ;
  377 'ContElem' 481 482 583 582 ;
  378 'ContElem' 482 483 584 583 ;
  379 'ContElem' 483 484 585 584 ;
  380 'ContElem' 484 485 586 585 ;
  381 'ContElem' 485 486 587 586 ;
  382 'ContElem' 486 487 588 587 ;
  383 'ContElem' 487 488 589 588 ;
  384 'ContElem' 488 489 590 589 ;
  385 'ContElem' 489 490 591 590 ;
  386 'ContElem' 490 491 592 591 ;
  387 'ContElem' 491 492 593 592 ;
  388 'ContElem' 492 493 594 593 ;
  389 'ContElem' 493 494 595 594 ;
  390 'ContElem' 494 495 596 595 ;
  391 'ContElem' 495 496 597 596 ;
  392 'ContElem' 496 497 598 597 ;
  393 'ContElem' 497 498 599 598 ;
  394 'ContElem' 498 499 600 599 ;
  395 'ContElem' 499 500 601 600 ;
  396 'ContElem' 500 501 602 601 ;
  397 'ContElem' 501 502 603 602 ;
  398 'ContElem' 502 503 604 603 ;
  399 'ContElem' 503 504 605 604 ;
  400 'ContElem' 504 505 606 605 ;
  401 'InterfaceElem' 203 204 304 305 ;
  402 'InterfaceElem' 204 205 305 306 ;
  403 'InterfaceElem' 205 206 306 307 ;
  404 'InterfaceElem' 206 207 307 308 ;
  405 'InterfaceElem' 207 208 308 309 ;
  406 'InterfaceElem' 208 209 309 310 ;
  407 'InterfaceElem' 209 210 310 311 ;
  408 'InterfaceElem' 210 211 311 312 ;
  409 'InterfaceElem' 211 212 312 313 ;
  410 'InterfaceElem' 212 213 313 314 ;
  411 'InterfaceElem' 213 214 314 315 ;
  412 'InterfaceElem' 214 215 315 316 ;
  413 'InterfaceElem' 215 216 316 317 ;
  414 'InterfaceElem' 216 217 317 318 ;
  415 'InterfaceElem' 217 218 318 319 ;
  416 'InterfaceElem' 218 219 319 320 ;
  417 'InterfaceElem' 219 220 320 321 ;
  418 'InterfaceElem' 220 221 321 322 ;
  419 'InterfaceElem' 221 222 322 323 ;
  420 'InterfaceElem' 222 223 323 324 ;
  421 'InterfaceElem' 223 224 324 325 ;
  422 'InterfaceElem' 224 225 325 326 ;
  423 'InterfaceElem' 225 226 326 327 ;
  424 'InterfaceElem' 226 227 327 328 ;
  425 'InterfaceElem' 227 228 328 329 ;
  426 'InterfaceElem' 228 229 329 330 ;
  427 'InterfaceElem' 229 230 330 331 ;
  428 'InterfaceElem' 230 231 331 332 ;
  429 'InterfaceElem' 231 232 332 333 ;
  430 'InterfaceElem' 232 233 333 334 ;
  431 'InterfaceElem' 233 234 334 335 ;
  432 'InterfaceElem' 234 235 335 336 ;
  433 'InterfaceElem' 235 236 336 337 ;
  434 'InterfaceElem' 236 237 337 338 ;
  435 'InterfaceElem' 237 238 338 339 ;
  436 'InterfaceElem' 238 239 339 340 ;
  437 'InterfaceElem' 239 240 340 341 ;
  438 'InterfaceElem' 240 241 341 342 ;
  439 'InterfaceElem' 241 242 342 343 ;
  440 'InterfaceElem' 242 243 343 344 ;
  441 'InterfaceElem' 243 244 344 345 ;
  442 'InterfaceElem' 244 245 345 346 ;
  443 'InterfaceElem' 245 246 346 347 ;
  444 'InterfaceElem' 246 247 347 348 ;
  445 'InterfaceElem' 247 248 348 349 ;
  446 'InterfaceElem' 248 249 349 350 ;
  447 'InterfaceElem' 249 250 350 351 ;
  448 'InterfaceElem' 250 251 351 352 ;
  449 'InterfaceElem' 251 252 352 353 ;
  450 'InterfaceElem' 252 253 353 354 ;
</Elements>

<NodeConstraints>
  u[ 1 ] = 0.0;
  v[ 1 ] = 0.0;
  u[ 102 ] = 0.0;
  v[ 102 ] = 0.0;
  u[ 203 ] = 0.0;
  v[ 203 ] = 0.0;
  u[ 304 ] = 0.0;
  v[ 304 ] = 0.0;
  u[ 405 ] = 0.0;
  v[ 405 ] = 0.0;
  u[ 506 ] = 0.0;
  v[ 506 ] = 0.0;
</NodeConstraints>
 
<ExternalForces>
  u[ 202 ] = -1.0;
  u[ 505 ] = -1.0;
  v[ 202 ] = -1.0e-3;
  v[ 505 ] =  1.0e-3;
</ExternalForces>
