
<Nodes>
  0 0.0 0.0 0.0;
  1 1.0 0.0 0.0;
  2 2.0 0.0 0.0;
  3 3.0 0.0 0.0;
  4 4.0 0.0 0.0;
  5 5.0 0.0 0.0;
  6 6.0 0.0 0.0;
  7 7.0 0.0 0.0;
  8 8.0 0.0 0.0;
  9 9.0 0.0 0.0;
  10 10.0 0.0 0.0;

  11 0.0 0.5 0.0;
  12 1.0 0.5 0.0;
  13 2.0 0.5 0.0;
  14 3.0 0.5 0.0;
  15 4.0 0.5 0.0;
  16 5.0 0.5 0.0;
  17 6.0 0.5 0.0;
  18 7.0 0.5 0.0;
  19 8.0 0.5 0.0;
  20 9.0 0.5 0.0;
  21 10.0 0.5 0.0;

 40 0.0 0.0 0.5;
 41 1.0 0.0 0.5;
 42 2.0 0.0 0.5;
 43 3.0 0.0 0.5;
 44 4.0 0.0 0.5;
 45 5.0 0.0 0.5;
 46 6.0 0.0 0.5;
 47 7.0 0.0 0.5;
 48 8.0 0.0 0.5;
 49 9.0 0.0 0.5;
 50 10.0 0.0 0.5;

 51 0.0 0.5 0.5;
 52 1.0 0.5 0.5;
 53 2.0 0.5 0.5;
 54 3.0 0.5 0.5;
 55 4.0 0.5 0.5;
 56 5.0 0.5 0.5;
 57 6.0 0.5 0.5;
 58 7.0 0.5 0.5;
 59 8.0 0.5 0.5;
 60 9.0 0.5 0.5;
 61 10.0 0.5 0.5;
</Nodes>

<Elements>
  1 'ContElem' 0 1 12 11 40 41 52 51;
  2 'ContElem' 1 2 13 12 41 42 53 52;
  3 'ContElem' 2 3 14 13 42 43 54 53;
  4 'ContElem' 3 4 15 14 43 44 55 54;
  5 'ContElem' 4 5 16 15 44 45 56 55;
  6 'ContElem' 5 6 17 16 45 46 57 56;
  7 'ContElem' 6 7 18 17 46 47 58 57;  
  8 'ContElem' 7 8 19 18 47 48 59 58;
  9 'ContElem' 8 9 20 19 48 49 60 59;
 10 'ContElem' 9 10 21 20 49 50 61 60;
</Elements>

<NodeConstraints>
  u[0] = 0.;
  v[0] = 0.;
  w[0] = 0.;
  u[11] = 0.;
  v[11] = 0.;
  w[11] = 0.;
  u[40] = 0.;
  v[40] = 0.;
  w[40] = 0.;
  u[51] = 0.;
  v[51] = 0.;
  w[51] = 0.;
</NodeConstraints>

<ExternalForces>
  w[50] = 50.;
  w[61] = 50.;
</ExternalForces>
