<Nodes>
  1 0.0 0.0 0.0; 
  2 1.0 0.0 0.0; 
  3 2.0 0.0 0.0; 
  4 3.0 0.0 0.0;
  5 4.0 0.1 0.0; 
  6 5.0 0.1 0.0; 
  7 6.0 0.0 0.0; 
  8 7.0 0.0 0.0;
  9 8.0 0.0 0.0; 
 10 9.0 0.0 0.0; 
 
 11 0.0 1.0 0.0; 
 12 1.0 1.0 0.0; 
 13 2.0 1.0 0.0; 
 14 3.0 1.0 0.0;
 15 4.0 0.9 0.0; 
 16 5.0 0.9 0.0; 
 17 6.0 1.0 0.0; 
 18 7.0 1.0 0.0;
 19 8.0 1.0 0.0; 
 20 9.0 1.0 0.0; 
 
 21 0.0 0.0 0.2; 
 22 1.0 0.0 0.2; 
 23 2.0 0.0 0.2; 
 24 3.0 0.0 0.2;
 25 4.0 0.1 0.2; 
 26 5.0 0.1 0.2; 
 27 6.0 0.0 0.2; 
 28 7.0 0.0 0.2;
 29 8.0 0.0 0.2; 
 30 9.0 0.0 0.2; 
 
 31 0.0 1.0 0.2; 
 32 1.0 1.0 0.2; 
 33 2.0 1.0 0.2; 
 34 3.0 1.0 0.2;
 35 4.0 0.9 0.2; 
 36 5.0 0.9 0.2; 
 37 6.0 1.0 0.2; 
 38 7.0 1.0 0.2;
 39 8.0 1.0 0.2; 
 40 9.0 1.0 0.2;

</Nodes>

<Elements>
  1 "ContElem"  1  2 12 11 21 22 32 31; 
  2 "ContElem"  2  3 13 12 22 23 33 32; 
  3 "ContElem"  3  4 14 13 23 24 34 33; 
  4 "ContElem"  4  5 15 14 24 25 35 34; 
  5 "ContElem"  5  6 16 15 25 26 36 35; 
  6 "ContElem"  6  7 17 16 26 27 37 36; 
  7 "ContElem"  7  8 18 17 27 28 38 37; 
  8 "ContElem"  8  9 19 18 28 29 39 38; 
  9 "ContElem"  9 10 20 19 29 30 40 39; 
</Elements>

<NodeGroup name = "all">
  { 1 2 3 4 5 6 7 8 9 10 }
</NodeGroup>

<NodeConstraints>
 u[1]  = 0.0;
 v[1]  = 0.0;
 w[1]  = 0.0;
 u[11] = 0.0;
 v[11] = 0.0;
 w[11] = 0.0;
 u[21] = 0.0;
 v[21] = 0.0;
 w[21] = 0.0;
 u[31] = 0.0;
 v[31] = 0.0;
 w[31] = 0.0;
 
 u[10] = 0.001;
 u[20] = 0.001;
 u[30] = 0.001;
 u[40] = 0.001;

 phase["all"] = 0.0;

</NodeConstraints>

<ExternalForces>

</ExternalForces>
